HW5 Question 2: VAR(6) OLS estimates
Variables (ordering): [Δlog(real GDP), Δlog(GDP deflator), Δlog(EXR), FFR]

Sample size (effective n): 137 
Lags p: 6 
Residual df: 112 

Sigma (MLE):
              dlog_rgdp_100 dlog_defl_100 dlog_exr_100        ffr
dlog_rgdp_100    0.40107895   0.009006150 -0.083036005 0.14715491
dlog_defl_100    0.00900615   0.036438711  0.009327859 0.01593758
dlog_exr_100    -0.08303601   0.009327859  7.243991834 0.30983599
ffr              0.14715491   0.015937576  0.309835990 0.59741490

Coefficients by equation (Estimate, Std.Error, t, p-value):

Equation: dlog_rgdp_100 
                  Estimate StdError         t        p
const             0.280344 0.244783  1.145275 0.254537
dlog_rgdp_100_L1  0.358981 0.102669  3.496473 0.000677
dlog_defl_100_L1 -0.506086 0.303171 -1.669307 0.097849
dlog_exr_100_L1   0.002684 0.023465  0.114366 0.909152
ffr_L1            0.112020 0.078860  1.420484 0.158245
dlog_rgdp_100_L2  0.161036 0.109763  1.467117 0.145147
dlog_defl_100_L2  1.458203 0.349777  4.168954 0.000061
dlog_exr_100_L2  -0.019133 0.025193 -0.759462 0.449172
ffr_L2           -0.438718 0.113618 -3.861353 0.000189
dlog_rgdp_100_L3 -0.075225 0.115913 -0.648983 0.517678
dlog_defl_100_L3 -0.987156 0.364679 -2.706916 0.007855
dlog_exr_100_L3   0.030750 0.024569  1.251592 0.213326
ffr_L3            0.273486 0.119496  2.288658 0.023975
dlog_rgdp_100_L4  0.180641 0.105573  1.711049 0.089840
dlog_defl_100_L4  0.063865 0.373646  0.170923 0.864593
dlog_exr_100_L4  -0.009671 0.024168 -0.400136 0.689818
ffr_L4           -0.005398 0.120651 -0.044737 0.964397
dlog_rgdp_100_L5  0.089583 0.100612  0.890379 0.375171
dlog_defl_100_L5  0.628541 0.392502  1.601371 0.112112
dlog_exr_100_L5  -0.003031 0.024020 -0.126188 0.899810
ffr_L5           -0.077386 0.119197 -0.649226 0.517522
dlog_rgdp_100_L6 -0.105165 0.093002 -1.130778 0.260564
dlog_defl_100_L6 -0.565656 0.318035 -1.778600 0.078019
dlog_exr_100_L6   0.023206 0.023585  0.983918 0.327277
ffr_L6            0.121713 0.084096  1.447318 0.150601

Equation: dlog_defl_100 
                  Estimate StdError         t        p
const            -0.004330 0.073782 -0.058686 0.953307
dlog_rgdp_100_L1  0.021816 0.030946  0.704964 0.482296
dlog_defl_100_L1  0.553339 0.091381  6.055308 0.000000
dlog_exr_100_L1  -0.013404 0.007073 -1.895108 0.060656
ffr_L1            0.076599 0.023770  3.222529 0.001664
dlog_rgdp_100_L2 -0.069008 0.033084 -2.085817 0.039266
dlog_defl_100_L2  0.169479 0.105428  1.607529 0.110754
dlog_exr_100_L2  -0.004864 0.007594 -0.640487 0.523165
ffr_L2           -0.079554 0.034246 -2.322992 0.021985
dlog_rgdp_100_L3  0.035153 0.034938  1.006141 0.316517
dlog_defl_100_L3 -0.042260 0.109920 -0.384460 0.701367
dlog_exr_100_L3  -0.004408 0.007405 -0.595304 0.552841
ffr_L3            0.027331 0.036018  0.758825 0.449551
dlog_rgdp_100_L4  0.086760 0.031821  2.726472 0.007432
dlog_defl_100_L4  0.303816 0.112623  2.697638 0.008063
dlog_exr_100_L4  -0.001103 0.007285 -0.151421 0.879916
ffr_L4           -0.062820 0.036366 -1.727432 0.086847
dlog_rgdp_100_L5  0.017854 0.030326  0.588730 0.557228
dlog_defl_100_L5 -0.142807 0.118306 -1.207092 0.229940
dlog_exr_100_L5  -0.007268 0.007240 -1.003890 0.317596
ffr_L5            0.078102 0.035928  2.173839 0.031822
dlog_rgdp_100_L6 -0.034319 0.028032 -1.224277 0.223417
dlog_defl_100_L6  0.102026 0.095861  1.064312 0.289477
dlog_exr_100_L6   0.001272 0.007109  0.178964 0.858289
ffr_L6           -0.042131 0.025348 -1.662125 0.099284

Equation: dlog_exr_100 
                  Estimate StdError         t        p
const            -0.767551 1.040293 -0.737822 0.462166
dlog_rgdp_100_L1 -0.134170 0.436330 -0.307496 0.759037
dlog_defl_100_L1 -1.081700 1.288435 -0.839546 0.402952
dlog_exr_100_L1   0.388457 0.099722  3.895392 0.000167
ffr_L1           -0.050200 0.335145 -0.149787 0.881202
dlog_rgdp_100_L2 -0.503869 0.466478 -1.080155 0.282393
dlog_defl_100_L2  1.427552 1.486500  0.960345 0.338950
dlog_exr_100_L2  -0.129271 0.107067 -1.207388 0.229826
ffr_L2            0.006220 0.482859  0.012881 0.989746
dlog_rgdp_100_L3  1.185279 0.492612  2.406111 0.017760
dlog_defl_100_L3 -1.498895 1.549834 -0.967133 0.335562
dlog_exr_100_L3   0.178137 0.104414  1.706075 0.090766
ffr_L3           -0.016870 0.507842 -0.033219 0.973559
dlog_rgdp_100_L4 -0.054878 0.448670 -0.122312 0.902871
dlog_defl_100_L4  2.616750 1.587940  1.647890 0.102178
dlog_exr_100_L4  -0.076978 0.102711 -0.749462 0.455150
ffr_L4           -0.504070 0.512748 -0.983075 0.327689
dlog_rgdp_100_L5 -0.500362 0.427588 -1.170195 0.244407
dlog_defl_100_L5 -3.358456 1.668075 -2.013372 0.046474
dlog_exr_100_L5  -0.083015 0.102082 -0.813218 0.417819
ffr_L5            1.585419 0.506572  3.129704 0.002232
dlog_rgdp_100_L6  0.179317 0.395245  0.453684 0.650934
dlog_defl_100_L6  2.099972 1.351600  1.553693 0.123079
dlog_exr_100_L6  -0.000957 0.100235 -0.009548 0.992399
ffr_L6           -0.969688 0.357395 -2.713211 0.007717

Equation: ffr 
                  Estimate StdError         t        p
const            -0.663471 0.298748 -2.220840 0.028374
dlog_rgdp_100_L1  0.471273 0.125304  3.761044 0.000271
dlog_defl_100_L1 -0.241249 0.370008 -0.652011 0.515730
dlog_exr_100_L1  -0.034680 0.028638 -1.210990 0.228448
ffr_L1            1.086744 0.096246 11.291348 0.000000
dlog_rgdp_100_L2  0.278877 0.133962  2.081766 0.039642
dlog_defl_100_L2  1.312152 0.426888  3.073762 0.002655
dlog_exr_100_L2  -0.022088 0.030747 -0.718379 0.474020
ffr_L2           -0.498777 0.138666 -3.596972 0.000481
dlog_rgdp_100_L3  0.101761 0.141467  0.719328 0.473437
dlog_defl_100_L3 -0.660459 0.445076 -1.483924 0.140638
dlog_exr_100_L3  -0.013887 0.029985 -0.463130 0.644170
ffr_L3            0.566341 0.145840  3.883300 0.000175
dlog_rgdp_100_L4 -0.165692 0.128848 -1.285953 0.201112
dlog_defl_100_L4 -0.414085 0.456019 -0.908042 0.365806
dlog_exr_100_L4   0.010633 0.029496  0.360489 0.719160
ffr_L4           -0.212959 0.147249 -1.446248 0.150900
dlog_rgdp_100_L5  0.193784 0.122793  1.578133 0.117355
dlog_defl_100_L5  0.080043 0.479032  0.167092 0.867599
dlog_exr_100_L5  -0.047230 0.029315 -1.611113 0.109970
ffr_L5            0.348599 0.145475  2.396273 0.018219
dlog_rgdp_100_L6 -0.069955 0.113505 -0.616316 0.538937
dlog_defl_100_L6  0.317741 0.388148  0.818609 0.414748
dlog_exr_100_L6   0.011286 0.028785  0.392083 0.695742
ffr_L6           -0.352647 0.102636 -3.435914 0.000829

