Lag selection for 4-variable VAR (fixed sample size n = T - p_max)
p_max = 8 

 p   n    logLik logdetSigma       AIC        BIC         HQ LR_to_pplus1 LR_df
 1 135 -647.9147   -1.752773 -1.456476 -1.0260651 -1.2815692     30.46287    16
 2 135 -632.6832   -1.978423 -1.445090 -0.6703501 -1.1302575     54.16331    16
 3 135 -605.6016   -2.379633 -1.609263 -0.4901940 -1.1545046     41.58665    16
 4 135 -584.8082   -2.687682 -1.680275 -0.2168773 -1.0855912     26.03352    16
 5 135 -571.7915   -2.880523 -1.636079  0.1716477 -0.9014695     42.06993    16
 6 135 -550.7565   -3.192152 -1.710671  0.4413844 -0.8361360     20.72080    16
 7 135 -540.3961   -3.345640 -1.627121  0.8692629 -0.6126608     35.32055    16
 8 135 -522.7358   -3.607274 -1.651718  1.1889951 -0.4973318           NA    16
      LR_pval
 1.574495e-02
 4.876418e-06
 4.546354e-04
 5.355840e-02
 3.852326e-04
 1.894941e-01
 3.591653e-03
           NA

Selected lag by AIC: 6 
Selected lag by BIC: 1 

Sequential LR tests (p vs p+1): reject p if p-value < 0.05
 p LR_to_pplus1 LR_df      LR_pval
 1     30.46287    16 1.574495e-02
 2     54.16331    16 4.876418e-06
 3     41.58665    16 4.546354e-04
 4     26.03352    16 5.355840e-02
 5     42.06993    16 3.852326e-04
 6     20.72080    16 1.894941e-01
 7     35.32055    16 3.591653e-03
 8           NA    16           NA
