t	k_lag_pred	z_pred	k_lag_filt	z_filt
1	0	0	-4.30556864866541	-1.51449959504796
2	-4.27254764771018	-1.37549598856955	-4.11178225474387	-2.19298629677133
3	-4.13918539389019	-1.99170991135289	-4.25327778959617	-1.4026403824163
4	-4.21327999026044	-1.27390342376301	-4.23704483160886	-1.70274267134489
5	-4.22131121623978	-1.54646176311914	-4.24599043605485	0.252365928453128
6	-4.0756108114348	0.229203311360354	-3.92952278563543	0.867954219493561
7	-3.72176509530189	0.788291757276833	-3.76207785366683	0.811841315603821
8	-3.56468300264003	0.737329000693935	-3.58385028998043	2.08937327805296
9	-3.29192738973629	1.89760668935355	-3.26176454972499	2.84601268462175
10	-2.9215286119843	2.58480031550705	-2.93187490316231	2.82461492951897
11	-2.60501782942434	2.56536648640303	-2.71325442003298	1.86194436986565
12	-2.47013391388166	1.69105163188159	-2.46077854822927	2.74305757116495
13	-2.15705284465414	2.49129461499344	-2.09645083709266	2.26808861033043
14	-1.8431275552997	2.0599191940563	-1.848523988458	2.70377571747037
15	-1.5695945951864	2.45561812332771	-1.59632762246543	4.81434210581927
16	-1.15973465536812	4.37247277966171	-1.175568793394	5.48213260209193
17	-0.7011727223072	4.97897221474332	-0.725646195390319	4.82108700322008
18	-0.319373842972477	4.3785986177593	-0.292058396639157	4.77616402819135
19	0.095303502330654	4.33779875743007	0.0995331166565296	4.92625858367936
20	0.484866681689626	4.47411735378688	0.47660219457222	4.45312822057895
21	0.811226973200528	4.04441178064378	0.821833896006824	5.30461133076745
22	1.21143813341077	4.81774417784519	1.19661763669344	4.61816068474845
23	1.51875535827762	4.1942972564743	1.49633548151541	3.73883301243355
24	1.73844168817312	3.39567592315592	1.73489597788017	4.2162013980688
25	2.0062303628353	3.82923054519623	1.99711256388463	4.01759520497964
26	2.24347793712726	3.6488528001031	2.26385437449494	3.62015587750651
27	2.46939523268729	3.28789119771868	2.48521634735831	2.73808118618466
28	2.61328543065163	2.4867749719375	2.6210995602161	1.56916112298841
29	2.65208334207769	1.42514057920333	2.6477505881826	1.50359938304338
30	2.67261477709269	1.36559621841716	2.65958901887046	0.454695610662996
31	2.60123713585307	0.412962796776006	2.59757676973619	-0.329555203268555
32	2.47951647295695	-0.299308010111264	2.46244705773278	-1.26503633274691
33	2.27533174117908	-1.14892893123091	2.26466419782747	0.496677256259678
34	2.22362054867548	0.451091288391717	2.22007378929625	-2.06541596700835
35	1.97836809268789	-1.875848225141	1.97570085143281	-1.98869089762962
36	1.74871102434656	-1.80616512618327	1.74612075591314	-3.11276587400424
37	1.43853590724757	-2.82707039806995	1.44736985389469	-3.52916832796022
38	1.11750212845761	-3.20525465570842	1.1130001178421	-1.85888061530773
39	0.926827264688751	-1.68826907444932	0.922048043321668	-2.29684663597483
40	0.70807026009581	-2.08603775430049	0.715650206999335	-1.88391463750007
41	0.54158155386732	-1.71100542724592	0.545687968325189	-2.41871419690983
42	0.335426919598826	-2.19672008247737	0.347573688386308	-3.33442673073465
43	0.0720499691305491	-3.02838680663982	0.0709031002659655	-3.47109895236698
44	-0.205605056292568	-3.15251499605555	-0.197273171161261	-2.34746732279542
45	-0.375583056470682	-2.13201237977284	-0.381645404881151	-1.58842817011139
46	-0.493506234022974	-1.4426392606925	-0.49399361200251	-0.591854158670154
47	-0.523207472145924	-0.537532676621959	-0.528842069305963	-1.30187605393646
48	-0.612867550391826	-1.18238743388218	-0.60906936533717	-1.78997694387324
49	-0.728780824926649	-1.62568951089858	-0.733477268890874	-2.48812184223253
50	-0.903889239591547	-2.2597573642499	-0.907235458172556	-2.87685565609035
51	-1.10217542516854	-2.61281246134674	-1.0975346331114	-2.1452403800213
52	-1.22798025886077	-1.94834620417529	-1.22486012538394	-0.820368445039464
53	-1.2462134348035	-0.745073494235625	-1.2535285234058	-1.55422049326967
54	-1.3317935110986	-1.41157122843425	-1.32533460765953	-1.39884060284426
55	-1.38878999892084	-1.27045239506951	-1.39140736895163	-2.78313608219138
56	-1.56179258676344	-2.52769464529054	-1.55531838864659	-1.93914788554034
57	-1.65327404136651	-1.76116926443905	-1.65466968716951	-1.03827589679199
58	-1.67799328536027	-0.94298099235914	-1.67804158900779	-0.416658163580146
59	-1.65146879518709	-0.378416497754889	-1.64968489919252	0.910975492782654
60	-1.51931846499366	0.827364457610192	-1.5200625922155	1.3668383220781
61	-1.35830526930002	1.24138734350868	-1.35946221746788	-0.255315127177367
62	-1.33144262248367	-0.2318818271077	-1.33638711360359	-0.762638228898951
63	-1.34923139939405	-0.692641865346339	-1.35095474383692	0.876366173455363
64	-1.23390589333566	0.795931646365166	-1.23646564400365	0.130413118015117
65	-1.18235653791516	0.118443558039353	-1.18336797043558	-0.0865770225008576
66	-1.14826880338965	-0.0786308213891957	-1.14247115771552	1.96061716999089
67	-0.947223277450859	1.78066805779348	-0.946616243187727	3.37330232943794
68	-0.646796455894036	3.06369433015746	-0.648999158797256	1.6644155991192
69	-0.494618758403541	1.51165242129269	-0.49937875212914	1.45752103043853
70	-0.366631715127205	1.32374702322748	-0.366959733052823	0.570279039531695
71	-0.308940620349592	0.517937762285306	-0.308684173731012	-1.29556209208473
72	-0.400012659244092	-1.17665297926269	-0.404752149252526	-0.308108320833418
73	-0.414730481831232	-0.27982956267337	-0.416953897419783	-0.781658896019901
74	-0.463880179965541	-0.709916780051057	-0.464008185827685	0.642671297014597
75	-0.396835736509035	0.583685722929741	-0.393453060295392	1.42069328139815
76	-0.267366599001633	1.29029939389914	-0.263020859128533	3.72387651991337
77	0.0402484094068131	3.38209216550301	0.0439532993347212	2.98393565010048
78	0.27793659875287	2.7100644531588	0.277092669075172	3.83794717823626
79	0.570227059036333	3.4856932053776	0.572269594811128	3.96620960374683
80	0.865068802649167	3.60218346549444	0.873587875852589	4.68305578610717
81	1.21229489704874	4.25323616401089	1.20863392565518	3.99947356580241
82	1.48150897886419	3.63239439887534	1.48346112629711	4.93004837192616
83	1.82005366194162	4.47755930817765	1.81825935881572	3.87488834548278
84	2.05969773494476	3.51924384317692	2.06436041722484	2.72058937454481
85	2.20596200220104	2.47088859149733	2.20257942546388	1.62770718738599
86	2.2530150866817	1.47831317627018	2.25153730662285	-0.697086812750072
87	2.11672750998507	-0.633106880819003	2.11647854996112	-2.2926793009685
88	1.86050447828488	-2.08225290509817	1.86300246090547	-1.84713748501011
89	1.65117985872957	-1.67760375062193	1.65102900309267	-2.00473295632168
90	1.43427778476095	-1.82073481471371	1.4327017635373	-1.94009335974738
91	1.2287894900082	-1.76202796125438	1.23152352358024	-1.01586935418576
92	1.10769491472569	-0.922630964156186	1.10570256229588	-1.51623818913585
93	0.946835223218243	-1.37707501123912	0.943970906208461	-0.892167388978846
94	0.840096442237356	-0.81028259676366	0.838780236671978	-1.2972674673246
95	0.7066561598666	-1.17820183197227	0.70831545103387	-0.606235798771736
96	0.635361934595515	-0.550594342886815	0.631506686676768	-1.51059026272467
97	0.489888541976941	-1.3719454620813	0.489585960279507	-0.254734442819431
98	0.452129445331557	-0.231354439046602	0.452604511345606	-1.11633728002917
99	0.348446722054043	-1.01387775578912	0.342114368433441	0.867369370353341
100	0.398458293885208	0.787760586684961	0.396866497608487	0.0389600327018649
101	0.385878695165835	0.0353842080058507	0.385430715460123	-1.30146859721865
102	0.269039684083608	-1.18201737430428	0.272580339298672	-0.08635049739551
103	0.256105130831653	-0.0784250871818478	0.255830012962005	-1.30969386656919
104	0.143382175061925	-1.18948771304427	0.141316156843554	-1.73139423543559
105	-0.000361287439692493	-1.57248363305022	0.00307592854324414	-2.25949530552846
106	-0.175389242750087	-2.05211459884722	-0.169502503868956	-0.535998721587172
107	-0.205805847808154	-0.486803756060572	-0.203107549653394	0.0399208372721978
108	-0.192759129300506	0.0362568281350428	-0.188230511337302	1.03540080410514
109	-0.0998297720124764	0.940369781058418	-0.101028917306799	0.156785144717276
110	-0.0850728696111739	0.142395110788445	-0.08368972313932	-0.189081999699217
111	-0.0956495672973869	-0.171727699992383	-0.0897518232228906	-0.109016299261052
112	-0.0951767645709381	-0.0990105793442129	-0.0932473543920653	1.7299826323283
113	0.0466153211234661	1.57120158951724	0.0466747339964428	1.06141290698354
114	0.12880478733036	0.963994444465715	0.127035316770418	1.01966276869772
115	0.203022151682761	0.926076211986716	0.200566884085612	0.142193379240634
116	0.204683913897052	0.129142604848599	0.205072230409044	0.449033819336669
117	0.233250456648665	0.407820655250881	0.23287532974536	-0.519463821638206
118	0.183618729657771	-0.471786460165897	0.179776652488171	-3.11702487844228
119	-0.0726401994529716	-2.83093850311203	-0.0717631427100644	-2.51137789651645
120	-0.267459031055456	-2.28087893435932	-0.271614152083045	-2.91214464187861
121	-0.491863259550852	-2.64486255799328	-0.488513629399871	-1.58738138102093
122	-0.596504899908475	-1.44168854786332	-0.589195344697796	-0.853759140913448
123	-0.635709491172156	-0.775399529567946	-0.63616009778448	-1.27981787179682
124	-0.714641519816713	-1.16235379297041	-0.714238772116415	-1.22595709171716
125	-0.785701867174521	-1.11343645606055	-0.784481181039258	-0.526206240915539
126	-0.798219465881091	-0.477910047586817	-0.800568839258245	-1.83616289622172
127	-0.91714016688689	-1.66763643012611	-0.915012411055554	-2.3731105717174
128	-1.06991303031957	-2.15530204332997	-1.07584863125737	-3.49254386418558
129	-1.31341384840374	-3.17199165374378	-1.31192894140673	-4.57921639626023
130	-1.62690643162669	-4.15892734764871	-1.62991716066305	-4.32208119643579
131	-1.91332928086618	-3.92539249756686	-1.91359665445147	-4.69917191402166
132	-2.21672259173522	-4.26787312355195	-2.2175469884602	-5.1682577646407
133	-2.54693018986208	-4.69390539713654	-2.54312510991426	-3.88940088140737
134	-2.76002307133205	-3.53242439140124	-2.76390696291855	-3.07085773730359
135	-2.90836865084074	-2.78900866856626	-2.91639393620524	-4.73266177594986
136	-3.18662881566659	-4.29828922329248	-3.18385609965306	-4.37515081221899
137	-3.41639273485709	-3.97359128471966	-3.41538763879052	-6.24252128702579
138	-3.78712313340264	-5.6695710034786	-3.78936170468661	-5.95033208595487
139	-4.12478091003445	-5.40419947397109	-4.12890646555204	-5.24869114232862
140	-4.39690880023469	-4.76695644892855	-4.40056470678463	-3.89943926155519
141	-4.55243575954386	-3.54154143023717	-4.55186018982034	-2.06881054952528
142	-4.5538669745672	-1.87893124652323	-4.54960759400142	-0.871217009081098
143	-4.45716061090307	-0.791255081931312	-4.46027635718213	-0.0828966238032051
144	-4.30876778545491	-0.0752882165700789	-4.30818792310483	1.13829788276763
145	-4.06567211872244	1.03382277331973	-4.07012999956028	0.497999469855757
146	-3.88659267727593	0.452292146750072	-3.89038450156919	-0.381094442429315
147	-3.78260896194661	-0.346116881471383	-3.78535500150026	-1.80796644412235
148	-3.79393321530686	-1.64202790115629	-3.79259105423683	-1.36218501020974
149	-3.76572452283768	-1.23716112131	-3.76742807341106	-1.22669253354762
150	-3.73075793154015	-1.11410439766379	-3.73526046458882	-1.85647786008404
151	-3.74944311451197	-1.68608684859564	-3.74766339848416	-2.05456371919539
152	-3.77704270684497	-1.86599201693699	-3.77737729348447	-1.97387524425937
153	-3.799334426345	-1.79270928119959	-3.79516068127299	-1.21960498768746
154	-3.75694835600404	-1.10766736002355	-3.75354543053026	-0.294342221900354
155	-3.6437709534883	-0.267326942056901	-3.64353340674579	-1.54728331746872
156	-3.63655978109679	-1.40527075960784	-3.63867780034432	-1.90963211637277
157	-3.66047870501305	-1.73436250779	-3.65618654509568	-2.84906158212109
158	-3.7515220943554	-2.58756937948939	-3.75107651779873	-2.79834426395932
159	-3.83904615653631	-2.54150699168115	-3.8424811836973	-3.74883065459839
160	-4.00223972071777	-3.40475596301718	-3.99369362546643	-2.22741436314079
161	-4.02799891804807	-2.02297810537568	-4.02895258212047	-2.90230759750907
162	-4.1152820232691	-2.6359283759612	-4.11636186439374	-2.86285741711082
163	-4.19647986306884	-2.6000990069316	-4.19074386984179	-2.05462327154527
164	-4.20442710092994	-1.86604610346077	-4.20501921644151	-0.786579492120778
165	-4.11810192336033	-0.714385754635307	-4.11577747841226	0.145413779020059
166	-3.95845442084087	0.132067430310865	-3.95846649795862	-0.016672758748363
167	-3.81951234343407	-0.0151425017555287	-3.82223164437729	1.07773879832693
168	-3.60171625317353	0.978821914955686	-3.59786768139132	2.29995895366446
169	-3.28882521614131	2.08886441764938	-3.28418989520507	2.36382078923407
170	-2.98122174289517	2.14686489446424	-2.98285695754346	2.64045048290982
171	-2.66873056717366	2.39810499727732	-2.6664719134088	2.96950359922513
172	-2.33758255346534	2.69695700291532	-2.33827567825258	2.23825750100809
173	-2.0787379693257	2.03282603976189	-2.08027859918174	2.10348887174671
174	-1.84052128124716	1.91042672744766	-1.83723691415895	3.12304540427991
175	-1.52561189088149	2.83640645382381	-1.52654173462959	2.67812291307373
176	-1.26104688074459	2.43231978131527	-1.25847593038481	4.76493601345867
177	-0.83775484055711	4.3276012708973	-0.83386991897415	5.24160928663526
178	-0.390568136325261	4.76052457920095	-0.391352761114564	4.38469123773392
179	-0.0313737259641619	3.98225607213059	-0.0269745488575689	4.32253333404952
180	0.315186047850464	3.92580313714445	0.314536934951167	2.99474100570729
181	0.539784902577794	2.71987807301109	0.536352706982607	2.04072752326208
182	0.678434237909794	1.85342573295411	0.678340951907848	2.01025423543384
183	0.812985610107083	1.82574934049859	0.821799428312451	2.57870997189815
184	0.996232349893774	2.34203114588346	0.997411934897061	1.10465705936714
185	1.04926567290152	1.00326956763327	1.04864640007285	0.886944465642904
186	1.08149919498086	0.805539043103636	1.07990094540639	-0.55914034164404
187	0.997497651732506	-0.507821394930403	0.997344773066919	-1.83818735463739
188	0.81690367410474	-1.66947507996061	0.819314994137891	-1.89348092563565
189	0.640817800140468	-1.71969370355779	0.640930083211322	-0.939927944701729
190	0.544023981347323	-0.853659599321787	0.543885202368067	-1.15205255470336
191	0.433673604894909	-1.04631501573006	0.435697443068704	-0.781120598832425
192	0.358599524992034	-0.709427888786607	0.358833829746458	-1.36262012035068
193	0.238558198020725	-1.23755629622811	0.235585056477405	-2.69491752010945
194	0.0145101942159139	-2.44757294789436	0.0167566014144699	-3.11043252400859
195	-0.229363177486421	-2.82495120730263	-0.227653178444232	-2.87729825993021
196	-0.446709420927567	-2.61321444217806	-0.454455219448641	-3.21112930049652
197	-0.691826001636546	-2.91640584523975	-0.688823894095058	-1.72789341074619
198	-0.80080856836045	-1.56930412060089	-0.800137512744081	-1.3034402516383
199	-0.874672976061999	-1.18380806659232	-0.872274364781171	-1.55180184185253
200	-0.963858364906291	-1.40937456536949	-0.9664936529371	-3.47816142550314
201	-1.2067986221003	-3.15892926219331	-1.20945307516925	-4.05433003546315
202	-1.48662926754322	-3.68221603911357	-1.48290276166372	-2.53878863742391
203	-1.63075791397788	-2.3057738661805	-1.63162857984239	-2.72667135281021
204	-1.78904432270535	-2.47641235441808	-1.78947602126677	-1.03484180549079
205	-1.80775161516082	-0.939862088382784	-1.80673018012552	-1.31261551104076
206	-1.84632078974331	-1.1921412035198	-1.84112635724302	0.52139237878116
207	-1.73472834446767	0.473538010725919	-1.73815103155621	-0.574432452518845
208	-1.72190234642856	-0.521709967257416	-1.7245232457978	-1.21953127833755
209	-1.75967917536462	-1.10760041585569	-1.76215785620554	-1.57915056631743
210	-1.82436719654262	-1.43421317273325	-1.82540782813894	-1.94572098187905
211	-1.91431158231385	-1.76713906969746	-1.91069309147741	-2.69539307744828
212	-2.05575105281283	-2.44800485769086	-2.05456759754305	-3.6104456292189
213	-2.26675814638957	-3.27907217418688	-2.26322406075019	-1.95359630569822
214	-2.33723522658013	-1.7742915815617	-2.33491650177715	-0.680427008984787
215	-2.3058879506654	-0.617976145013967	-2.30976054320467	-1.50122614427936
216	-2.34641424374728	-1.36344079994726	-2.34702798201392	-2.18399558470637
217	-2.43625637803075	-1.98354438366297	-2.4431891107756	-2.69366746784762
218	-2.56924159611542	-2.44643762776798	-2.56954753187854	-2.68687101709188
219	-2.6905859567666	-2.44026496797884	-2.69357515485316	-1.94638582085306
220	-2.75176744550378	-1.76774288850652	-2.75239288798809	-2.73899890077825
221	-2.87106687791718	-2.48760845696864	-2.87143880276743	-2.96005759550458
222	-3.00334389415707	-2.68837797108981	-3.002165281149	-1.85357720400428
223	-3.04209655853668	-1.68345242015803	-3.04010593135296	-1.50659945004089
224	-3.05130362659219	-1.36832093365248	-3.05534499012494	-1.01369997269722
225	-3.02709502614765	-0.920660692559597	-3.02587669598272	0.368198126915904
226	-2.88958904811264	0.334404213924937	-2.88440629540096	0.599733535057124
227	-2.73485517606366	0.544688869101736	-2.73240884486732	-0.349320830692565
228	-2.66315866081857	-0.317259511268599	-2.65660781980715	1.89030431351085
229	-2.41325598556222	1.71680864683727	-2.41643496802915	1.73867170127163
230	-2.1935630945999	1.57909315945561	-2.19092479150047	1.48933960784058
231	-1.99572533412942	1.35264523206267	-1.9959913586153	0.587121114466849
232	-1.87891724458913	0.53323404007121	-1.87642723543798	2.12317799089554
233	-1.64233930653866	1.92830874240247	-1.64663334734983	2.03993638721165
234	-1.42725906308656	1.85270720885061	-1.4272634440917	2.05478719265692
235	-1.2144903746015	1.8661949795861	-1.21973809306109	-1.48080624276497
236	-1.2934054130659	-1.34489507519972	-1.29120802736987	0.242341512575323
237	-1.2263238854566	0.220098955127603	-1.22642098879938	1.27777801096099
238	-1.08209909341776	1.16050115437869	-1.08518018844233	0.458848405253992
239	-1.01050649541717	0.416734440109517	-1.00773463012457	1.06839214496225
240	-0.887690138453048	0.970333114924508	-0.886711127241488	0.979792816904908
241	-0.777948866082597	0.889865598966557	-0.782435082011056	-0.0337733721492536
242	-0.757375048197844	-0.0306735888630553	-0.750502624451514	0.277523316715106
243	-0.702001527874517	0.252051707457906	-0.698646855603142	2.93507901693363
244	-0.442205709585882	2.6656919731953	-0.440405967383265	3.34923237499329
245	-0.160423987277464	3.04183356116688	-0.161141476493523	1.88202333427898
246	-0.00687141002814082	1.70928771137311	-0.00752987112948549	2.02556615987752
247	0.152627629221613	1.83965590786805	0.150956084496341	-0.0188046014305328
248	0.144122514688506	-0.0170786799276285	0.147427042860056	1.45757537429567
249	0.257258482711874	1.32379637930373	0.261471222512817	1.61008511813202
250	0.379300003019165	1.46230849350342	0.38352826968223	2.7905282921331
251	0.590211701098188	2.5344083843729	0.59216457077981	2.649173054757
252	0.780296812658223	2.40602699516034	0.780550585371738	3.6061110749578
253	1.03754441063083	3.27513545342586	1.03313237811191	1.75843542349164
254	1.13532718217842	1.59704293027213	1.13658112838503	0.0588787902096659
255	1.1009534808217	0.0534747846813778	1.10605210092465	0.95829202585059
256	1.14250260773642	0.870338190743414	1.14416658048453	1.87191900014658
257	1.2513848044483	1.70011077193269	1.24796327544217	1.47231837455918
258	1.31996042117524	1.33718623941875	1.31658752119144	0.951104785067323
259	1.34501026596951	0.86381060836664	1.34230619861189	0.520912590434354
260	1.33585981382991	0.473102258251272	1.33925780524894	1.50115591311678
261	1.41029621193137	1.36337701473218	1.41173103308106	2.48937229717511
262	1.55820744868414	2.26089305009824	1.55608620997372	2.23516593607937
263	1.67738122092067	2.03001822444668	1.67668927878446	2.16543274661549
264	1.78820618047704	1.96668527758334	1.79199565095057	3.33764105012363
265	1.99195638698156	3.03130610978125	1.99058357937254	1.8211977766581
266	2.06380484848474	1.65404483723594	2.06464286063552	2.04066156602985
267	2.15256345915763	1.85336582940006	2.15141334580508	1.60252575564326
268	2.2016743738757	1.45544294344752	2.19705164484099	1.47688636466671
269	2.23577794969422	1.34133497084745	2.23600714827865	0.359250756518598
270	2.18513103812317	0.326278049923321	2.18049532697023	-0.987213477846951
271	2.02530141615743	-0.896605177763204	2.02653616752018	-1.25202989688977
272	1.85589425116532	-1.13711625039192	1.8538565547467	-2.40746616119043
273	1.59812777606269	-2.18650441252149	1.59947137190078	-0.918988378147716
274	1.47025177172218	-0.834641905364254	1.46458301193447	-1.67376686619711
275	1.28056383546181	-1.52014541158187	1.279269883949	-1.79791459387652
276	1.09201760995335	-1.63289862853314	1.09662234316132	-0.532510295613563
277	1.01572859540173	-0.483635504349704	1.01376042566035	-2.03674808602281
278	0.817063982579319	-1.84981153591022	0.814573566883755	-3.89223400897404
279	0.478470236887328	-3.53499748921903	0.483430312595483	-2.84755674649735
280	0.241524155647814	-2.58620266049476	0.240512825853431	-2.22482655524156
281	0.0563705818359987	-2.02062781132726	0.0582695677693542	-1.69801355711627
282	-0.0778301322255666	-1.54216669584265	-0.0750630323163868	-1.3970376829188
283	-0.18268010637904	-1.2688149505081	-0.18017696101893	-0.337788148943986
284	-0.200456043202983	-0.306785320628675	-0.203663701457439	-1.16546277256559
285	-0.288444082460189	-1.05849441870623	-0.287319164449737	-1.01462036101844
286	-0.35722823210245	-0.92149660591864	-0.358327252452865	-1.03643954481474
287	-0.427442438387621	-0.941313184202196	-0.426632184657493	-0.60531950362705
288	-0.459295935030226	-0.549762147024907	-0.457857351517587	0.711427239527644
289	-0.385475521146666	0.646131116395838	-0.384549081545309	-0.199626017443669
290	-0.386680129491063	-0.18130396806028	-0.385618760050917	-0.108607470482832
291	-0.380527237084786	-0.0986392736361814	-0.378179275241491	1.17598221052922
292	-0.271950631949943	1.06804836297158	-0.272539707063806	0.0577565295224738
293	-0.258323040129449	0.0524555271798179	-0.256206444865508	0.0646727607223306
294	-0.242022613622252	0.0587369737398095	-0.245973114786411	0.530978403002776
295	-0.195343469813624	0.482244211708922	-0.195961917266912	-1.11670294916243
296	-0.277166295337256	-1.01420986312517	-0.278783876516451	-2.71161748901203
297	-0.482950051940059	-2.46274016240524	-0.480288013552923	-2.37762767431157
298	-0.650949872590079	-2.1594045577965	-0.650575223816429	-2.76913878244154
299	-0.846107304329504	-2.51498204390084	-0.844227723947023	-3.08180168992902
300	-1.05757808085726	-2.79894816474348	-1.05886118754239	-2.383705287344
301	-1.20950076099766	-2.16492435613353	-1.21118012817125	-2.09899329860373
302	-1.33394809598211	-1.90634376641902	-1.33754317946817	-2.75319805227812
303	-1.50747390479648	-2.50050438377709	-1.50756329071349	-2.08994781603239
304	-1.61911475609477	-1.89812849516226	-1.61828193164919	-2.50210756135844
305	-1.7584443873457	-2.27245944790701	-1.76863165709081	-4.8537106047231
306	-2.0890932122988	-4.40822796407726	-2.08566774727509	-2.65387598003196
307	-2.22124818857046	-2.41029827715434	-2.21866586490815	-1.59847633123805
308	-2.26622411979249	-1.45176518279075	-2.26672995514055	-1.35007466252061
309	-2.29297712906023	-1.22616228399037	-2.29931891127326	-1.4807240694456
310	-2.33472425856354	-1.34482044390134	-2.33826775682261	0.413283504387072
311	-2.22278700324524	0.375351571096578	-2.22171210335342	-0.197422036868232
312	-2.15856838669652	-0.179302272945728	-2.16011531545934	-1.12009528994572
313	-2.17198671426381	-1.01729084852425	-2.16869852040949	0.133667558437219
314	-2.08129838262956	0.121399299830423	-2.08369839612573	-0.0418703483214059
315	-2.01316659118602	-0.0380274094125986	-2.00948975553288	1.28470456533976
316	-1.83687267024395	1.16679197663692	-1.83355622097264	1.40475199851216
317	-1.65769732960821	1.27582123178273	-1.65836599422631	0.775768542541
318	-1.53836467596983	0.704567054235363	-1.54002315735027	0.59870711133612
319	-1.4381919489973	0.543756652470295	-1.44080022880172	0.959692135353554
320	-1.31399021640146	0.871609795576576	-1.31534944215843	2.52081320920628
321	-1.06975573702007	2.2894482563969	-1.07206963549527	1.99623922440579
322	-0.876504595603738	1.81302065340493	-0.872425993038076	1.85533463734002
323	-0.695057910664301	1.68504855297404	-0.693912383247256	2.7035012364371
324	-0.455918896212231	2.45536883467723	-0.456522805885068	3.42796508238745
325	-0.169754849808445	3.11334003336667	-0.168079630482664	4.93370649110074
326	0.227324836266774	4.48088167833001	0.225450151159478	3.6041296438193
327	0.501957831123706	3.27333588174453	0.495490796682541	3.29460874269724
328	0.737997020034327	2.99222338804436	0.737373697972511	2.83230748562785
329	0.934816334145402	2.57235300531939	0.930606317856717	0.933586989107402
330	0.971323709824775	0.847900628495904	0.96670780182848	0.649335807302806
331	0.983708186245636	0.589738551994328	0.985542860914021	0.734026264587583
332	1.00856096599603	0.666655960652758	1.00963315643714	1.15677593434317
333	1.0651678999165	1.05060487474904	1.06859358936066	1.88690724920814
334	1.17967289682175	1.71372337145221	1.18224132449632	1.84011700154788
335	1.28560001911324	1.67122762026727	1.2837613895914	0.259950857370762
336	1.25879021864345	0.236092081310445	1.26026991965211	2.8704558433215
337	1.44219475646178	2.60700003536793	1.44037008693439	2.7832221779765
338	1.60902708242701	2.52777283904342	1.60585383983849	2.45199831383569
339	1.74250125314486	2.22694932087683	1.74240093127578	2.64717229411117
340	1.88961603979618	2.40420986807003	1.88930570044959	1.41379209489385
341	1.93395670925755	1.28403161120439	1.93595815072926	0.63366752592161
342	1.917375868266	0.57550833479382	1.91273302379496	-1.21252277938971
343	1.74924232399888	-1.10123517005426	1.74953700282421	-1.76961828875543
344	1.54785418357802	-1.60719941123875	1.54703921389452	-2.60436613207031
345	1.28664010815405	-2.36533253567206	1.28524914311197	-1.5770858680871
346	1.11521639117572	-1.43233797636957	1.11466129166102	-1.26793444971898
347	0.975076671239445	-1.15156105360488	0.974837399093576	-1.41188828387546
348	0.828844326796986	-1.28230253552332	0.827484940758034	0.783731613752818
349	0.860027463097246	0.711799259872369	0.861441155042027	2.33788244818287
350	1.01545932122008	2.12330722288563	1.01237494247207	2.06907650280074
351	1.13982615063605	1.87917279010947	1.13761105136176	2.39335742458326
352	1.28622198789868	2.17369060215772	1.27700299788774	-1.47266308773996
353	1.11550519899014	-1.33749931417883	1.11455336809714	-1.90945829291421
354	0.924333060572214	-1.7342046381737	0.926056429639338	-1.36446241985574
355	0.785535557097745	-1.23922950603763	0.788953269901467	-1.67125774631825
356	0.629073431873109	-1.51786658342008	0.631563109320562	-1.25570584187223
357	0.510062595539081	-1.14045481026616	0.507747943269737	-1.52895418808238
358	0.369065671424295	-1.38862391201058	0.363303228669083	-2.88677083582099
359	0.122558420339063	-2.62181760733029	0.122792449853731	-2.35488093438527
360	-0.0674443238070403	-2.13874555622002	-0.0711726308649071	-2.45477423660721
361	-0.262421361440949	-2.2294704642626	-0.265579713256873	-3.65765394996643
362	-0.544890392210647	-3.32194762692893	-0.54588387065881	-3.08126776641419
363	-0.769764045289472	-2.79846324572782	-0.770549637782488	-2.41999895598777
364	-0.934270562719363	-2.19788692396334	-0.933584999127237	0.161592611384107
365	-0.887747426682422	0.146761339169773	-0.888066630588221	1.12089879307323
366	-0.768117954388583	1.01802060463137	-0.767616706572472	1.47535327187397
367	-0.623956912530801	1.33994258817966	-0.632467251379244	1.15225506203568
368	-0.519100719516791	1.04649893656053	-0.518478245276059	1.2683038544218
369	-0.399990509854343	1.15189655365291	-0.401525095324956	0.666882323058449
370	-0.334655637023286	0.6056746157042	-0.334139907404776	-0.803517623799269
371	-0.385726191958238	-0.729769272896922	-0.389524420823364	-0.294132269980977
372	-0.398939137987371	-0.267136259917506	-0.403251318957738	-0.15616629319292
373	-0.401289094417265	-0.141833058614872	-0.404651312011459	0.0551274522654879
374	-0.385960733880622	0.0500677515525098	-0.386410178919063	0.087244222025664
375	-0.365830805846229	0.0792367840932779	-0.367303321341788	0.777336218897823
376	-0.29292770808445	0.705990846323018	-0.293041175613001	1.22606080451069
377	-0.185876425101847	1.11353064989984	-0.186582848989027	1.03641143643841
378	-0.0981607198377696	0.941287655665231	-0.103516106264632	-0.625564286131167
379	-0.149227684485957	-0.568148825512592	-0.153657859875997	-2.08695645948441
380	-0.3129495147851	-1.89541169091512	-0.316926204587793	-3.8376953771678
381	-0.608629197052993	-3.48546451508232	-0.610669777984451	-3.04401792242664
382	-0.829313867138803	-2.7646322621163	-0.834071660785916	-1.64879744933379
383	-0.934665866129711	-1.49746773451631	-0.931061180142954	-0.734687277724429
384	-0.956062048756645	-0.667256304767142	-0.961707077166194	-1.92311949600135
385	-1.07943242202229	-1.74661199048124	-1.08124787377585	-1.76963364125165
386	-1.18262162694038	-1.60721335465414	-1.18567398274009	-3.19584282075191
387	-1.39592700434207	-2.90252238720727	-1.39895253967042	-2.79391668785511
388	-1.56992137158731	-2.53748578679582	-1.57090418611176	-3.37144350112778
389	-1.78136764881897	-3.0620061085875	-1.78895717221486	-5.52330848328483
390	-2.16155405422376	-5.01636889651982	-2.16884064039174	-5.81138934779073
391	-2.55071619605281	-5.278009160279	-2.55747161845948	-6.23416325163775
392	-2.95894804405212	-5.66198008421645	-2.95490465424464	-5.01985285962154
393	-3.24644468550365	-4.55912137196719	-3.24846703598304	-4.80152163831312
394	-3.5123702810535	-4.3608289986505	-3.50945979081234	-2.76571986543038
395	-3.60341599017019	-2.51187692148979	-3.59850860442487	-2.18097211451708
396	-3.64315149712831	-1.9807984132246	-3.64599083443315	-2.22020252999368
397	-3.69204787397758	-2.01642818776823	-3.69079577957254	-2.05802165797311
398	-3.72246317730685	-1.86913257962385	-3.72221377266166	-0.806992920945035
399	-3.65401629227662	-0.732925600768331	-3.65649987298629	-0.96571069950198
400	-3.60315958992703	-0.877075964646661	-3.60270338272796	-1.09332526914867
401	-3.56134282574661	-0.992977830322958	-3.55664269202233	-1.04793267006072
402	-3.51333119533794	-0.95175144890934	-3.50760503112995	-0.0129996528462306
403	-3.38433743683714	-0.0118065203855143	-3.38848596888947	-1.64958002056935
404	-3.39862499887615	-1.49817847989967	-3.39371864819422	1.00972799847159
405	-3.19375634948208	0.917053273560005	-3.19582425222132	-0.434936706725541
406	-3.11691091095641	-0.39501740201105	-3.11522859136037	1.73409529391511
407	-2.86795586099228	1.57493678332878	-2.86529757541579	1.81574294589264
408	-2.62043631295817	1.64909066104419	-2.60893450478286	3.80756322184665
409	-2.21593069519736	3.45809794535414	-2.21745057989939	2.79608493285296
410	-1.91816154144289	2.53945502621096	-1.91788742572643	-0.163305951561432
411	-1.86281689131627	-0.148317425779945	-1.85853070991848	0.900116340838338
412	-1.72162090111519	0.817501978948914	-1.71887004002916	0.940498143768097
413	-1.58372158725347	0.854177464450995	-1.58484240627316	1.75927730176228
414	-1.38981190156648	1.59780753937993	-1.38825469509908	0.399562722076798
415	-1.30752119715995	0.362890107858471	-1.30541135395056	1.38468587845813
416	-1.14985148515644	1.25759681777119	-1.15004991275029	4.5056893090345
417	-0.753634925847213	4.09214871405852	-0.755945222008586	4.50154003233852
418	-0.373823060441806	4.08838026574104	-0.371744144088112	4.52321192313467
419	-0.00152564124676891	4.10806306985158	0.000404537018081958	3.6163959948693
420	0.285855081108816	3.28447640414469	0.292897384177123	3.86576371146015
421	0.587667460056766	3.51095668513717	0.582383573174609	3.63866390370006
422	0.848969145120751	3.30470052263947	0.846799159079589	4.80040017076297
423	1.19571818210237	4.35981046149039	1.1987865110222	5.05415654414255
424	1.55526327258025	4.59027660014031	1.55801677201329	4.67879247601
425	1.87213418307175	4.24936414849114	1.87243308293324	5.88009283822379
426	2.2702351872143	5.34040691581515	2.26843362484435	5.659560259941
427	2.63479522854544	5.14011523018596	2.6351559034276	6.13150920456198
428	3.02577641801003	5.56874781764812	3.02512153016306	6.82941269386112
429	3.45701332917879	6.2025964189145	3.45880246506134	7.19662162079195
430	3.904312673185	6.53610222347979	3.9077940125543	5.40843021260129
431	4.19624078700195	4.91203436845809	4.19240292839877	3.61315178193667
432	4.32905182668717	3.28152995114497	4.33094149343869	3.4804869454911
433	4.4522091385255	3.1610413416057	4.45494361874872	1.88189217445287
434	4.44563004780818	1.70916858964124	4.44511552188068	2.13678003662776
435	4.45627011639646	1.94066236692781	4.46077581213108	2.50741328735637
436	4.50063188978816	2.27727820444577	4.49891053321182	1.78771068117111
437	4.48060463510312	1.62363125002746	4.47849940557354	1.9868523024184
438	4.47663628653024	1.80449528068058	4.47707482702932	1.92379192879905
439	4.47028443676849	1.74722270613864	4.47297014124485	3.59878394565741
440	4.5985428563417	3.26848082176179	4.59472663693411	2.16666150627587
441	4.6029384190795	1.96780125938307	4.60204658976334	1.94019249714788
442	4.59212236258548	1.76211799963878	4.59190498902082	2.58052299440385
443	4.63288544766669	2.3436777657914	4.63132259813519	2.14510122878363
444	4.63653569579844	1.94821982449857	4.63984117798513	2.05909860974634
445	4.63796368792743	1.87011068674834	4.63532760416765	1.16824472456999
446	4.56328935519923	1.0610210379506	4.55854148143201	-0.447116965228622
447	4.36171353008881	-0.406079733599325	4.3602836636091	-0.186800177796486
448	4.19102951834205	-0.169655307973198	4.19355419102308	-1.46917309332105
449	3.92898242905909	-1.33432963797751	3.93160433074608	-0.47921447726697
450	3.75445855242346	-0.435231275928005	3.75348025358743	-0.323961629876047
451	3.59490147464534	-0.294227825350356	3.59546582030354	-0.19258321828774
452	3.45285688609114	-0.174907570188034	3.45283573103704	-0.804965856992009
453	3.26694175248387	-0.731084584537572	3.25993945569328	-2.53238807498548
454	2.94452455386783	-2.2999607593382	2.94492337645281	-2.90445451374018
455	2.61130168305095	-2.63787824420371	2.61084586486511	-3.29990922211587
456	2.25784664806794	-2.9970373795447	2.25569284681742	-4.41271211212037
457	1.82743812442372	-4.0077051382385	1.82763453523381	-4.4475093435155
458	1.41180150889853	-4.03930861463019	1.40894918353052	-2.18587300027274
459	1.18647766184149	-1.98524948651599	1.18139441432411	-2.76119635198708
460	0.921572519388616	-2.50776858457386	0.924570882097949	-3.039872309045
461	0.651852011621557	-2.76086714088731	0.648432408664987	-1.27001505668508
462	0.525204606509333	-1.1534506985708	0.526607753248585	-0.744592163617457
463	0.449171801976434	-0.676252101700761	0.453442317524704	-1.30315533678368
464	0.334508116050654	-1.18354930175613	0.336923908214551	-0.872979632018814
465	0.256075068565564	-0.792855928037918	0.252434096150268	-0.367047610223033
466	0.214515591491353	-0.333359293806766	0.210569566225834	0.0184138138691573
467	0.204561446459423	0.0167237595798038	0.199421849713664	-0.882026318137582
468	0.122731352451688	-0.801072292378259	0.125517727093828	-0.650218536939731
469	0.0697441053689641	-0.590540263053579	0.0718533465669399	-0.564718348118876
470	0.0247304166134639	-0.512887441534469	0.0263534476132935	0.277578945589415
471	0.047330651860399	0.252102230610049	0.0437177082076421	1.03980215098862
472	0.124246672350606	0.944367164089959	0.124665060794504	1.11618568809791
473	0.208355047965029	1.01374007724894	0.213761719941736	3.51791167966206
474	0.483877859184355	3.19503116365237	0.480586354664016	2.74955789755324
475	0.680596433390675	2.49719832926363	0.681189044465566	2.15018552424123
476	0.826778435721298	1.9528374738063	0.826249001464518	2.94279140335999
477	1.02926348725616	2.67269650236548	1.02837158197799	1.66643892738162
478	1.12347322524106	1.51349004470152	1.13373123772207	3.32933240291651
479	1.35636204869766	3.02376004576037	1.35719253082887	3.03151588698035
480	1.54839634857261	2.75327768687471	1.54621249268906	1.37922123923954
481	1.6002922858661	1.25263373336447	1.60496930508956	1.70989013187606
482	1.68306879647387	1.55295321634979	1.68591032637647	3.81984791252748
483	1.92769386914836	3.46925512413949	1.92159334431945	2.8888218642559
484	2.0815336003424	2.62368038853795	2.08394743432013	3.09510951447734
485	2.25441817351705	2.81103457225567	2.24947490930912	1.82609145930399
486	2.31390852380482	1.65848936853246	2.31056691496962	2.18977990653793
487	2.40154392003282	1.9887978096143	2.40265722640176	0.781424797567189
488	2.37920063945043	0.709704167592336	2.37850174140058	1.79059810428586
489	2.43556151184084	1.62625366004634	2.43790630860271	2.01617778767536
490	2.51066747155247	1.83112921803235	2.50840293064832	2.6849558766325
491	2.63145687098251	2.43852560269406	2.6278140053186	1.41463773291261
492	2.64636235449738	1.28479963498359	2.64261358051659	1.18497574722758
493	2.64250883449249	1.07621645604476	2.63818587653583	-0.577732984716035
494	2.49909634268878	-0.524707570434216	2.50336842243184	-1.07164948798779
495	2.33006827670196	-0.973291492912637	2.33240066606016	-2.50902932450163
496	2.05169741824092	-2.27874591867823	2.05289337924784	-2.09295804568912
497	1.81493773460677	-1.90086244030893	1.81230845604651	-3.25633453050652
498	1.49104543617419	-2.95746205465997	1.48484142820503	-3.73272453579761
499	1.13757790715925	-3.39012809393466	1.14353414799429	-2.31065262959962
500	0.920618099969176	-2.09857660799923	0.919758868070601	-2.18829002494687
501	0.714431258925865	-1.98744467214325	0.712723100216178	-2.22528301661036
502	0.511811817579018	-2.02104237781759	0.508660978026317	-3.84364346529312
503	0.187233370815893	-3.49086667655056	0.187274876188936	-2.44440671488069
504	-0.0123136973746622	-2.22005449307788	-0.015821411357537	-3.52154771948448
505	-0.293238679926784	-3.19833348093682	-0.295388823502481	-2.83799431032209
506	-0.508942311602892	-2.57751788260309	-0.510070519040761	-3.24388174614989
507	-0.748055901783599	-2.94615221015088	-0.745368510794151	-2.58572578223547
508	-0.923063602197227	-2.34840303202136	-0.916543441841613	-2.07912457792075
509	-1.04818364492228	-1.88829863409491	-1.05005033447667	-3.0764999625792
510	-1.25568876555652	-2.79413303984941	-1.2525606039801	-1.9437406664847
511	-1.36160716731086	-1.7653405113552	-1.36053285193536	-0.925395783733033
512	-1.38536899878188	-0.840461227276626	-1.38682626432071	-1.5097222210003
513	-1.45685525141802	-1.37115709085051	-1.45834262895988	-2.02438216411827
514	-1.56646274386662	-1.83858058145486	-1.56694798414952	-1.4985015085074
515	-1.62970854661171	-1.36096623634427	-1.62848654594496	-0.841557657340026
516	-1.63720974905764	-0.764317920985999	-1.64078482996476	-2.06428003071813
517	-1.74558940375321	-1.87481654720885	-1.74825354525668	-2.46033578096704
518	-1.88051308249303	-2.23452155967537	-1.87699668331183	-0.895155062089003
519	-1.88114458563789	-0.812996055645798	-1.88731009295714	-3.08117945712797
520	-2.06364918766415	-2.79838304163311	-2.06429298640395	-3.15461531596988
521	-2.24015735793158	-2.86507881995123	-2.23849685509675	-2.35069161754171
522	-2.3447294720869	-2.13494074271463	-2.34303687745083	-2.34389867641377
523	-2.4450288568986	-2.12877127043307	-2.44394728297448	-3.75352161040166
524	-2.65363385490184	-3.40901637412	-2.6535720435164	-2.94029278298629
525	-2.79163719153738	-2.67042721004462	-2.79151878909967	-1.42079056232059
526	-2.80475185890616	-1.2903877461965	-2.80548935714539	-2.70118778128213
527	-2.91929717768057	-2.45326771276489	-2.9153276104756	-1.60422222900248
528	-2.93865286780865	-1.45698371130772	-2.93821452223312	-3.05384185606178
529	-3.07515636409139	-2.77355453674172	-3.07507355873721	-2.45901912796025
530	-3.16021263347001	-2.23332575154502	-3.16057358510777	-1.56714966638413
531	-3.17228205815378	-1.42331373784964	-3.17333777424301	0.150204989926856
532	-3.04903233855215	0.13641889491623	-3.05146075702794	0.204026916504919
533	-2.9272255912542	0.185300944371559	-2.93305195189035	-0.623888562467494
534	-2.87836523679098	-0.566626902902068	-2.88190145501415	-0.516261545541951
535	-2.82053160605258	-0.468878094961249	-2.81552069940502	-1.13488483132449
536	-2.80533491213223	-1.03072297812389	-2.80570306812548	-1.45540003716371
537	-2.8211654544155	-1.32182069868382	-2.82391380568901	-2.51091827741095
538	-2.92204957814661	-2.28046149995528	-2.91888659848675	-1.66717068517604
539	-2.94705465882248	-1.51415464039644	-2.94715989904413	-1.14125029744563
540	-2.9328118771641	-1.03650420985458	-2.93864810698147	-0.699017907578239
541	-2.88969352101872	-0.634860736150742	-2.88960536519433	-1.72426992864033
542	-2.92331822305572	-1.56601320846228	-2.92003573773953	-2.18822057565954
543	-2.98929282244257	-1.98738159704146	-2.98923124197762	-1.95141448250073
544	-3.03734375519397	-1.77231001017948	-3.03301427969142	-0.0887928388828916
545	-2.93254687887802	-0.0806432659978705	-2.9274715110209	-0.906557801940333
546	-2.89529540238773	-0.823352230698925	-2.89128165850656	0.22172428803639
547	-2.77132555437213	0.2013740180319	-2.77115215479852	-0.0676152362129662
548	-2.67829228799119	-0.0614093833245115	-2.6765456108754	0.102735621822766
549	-2.57359130972459	0.093306354232428	-2.57043507817009	-0.164018995783388
550	-2.49229747638137	-0.148965025469097	-2.4936674889721	-0.570725737094528
551	-2.45035410593636	-0.518343461110046	-2.45189282704714	0.112987363222256
552	-2.35608997523293	0.102617171625155	-2.35790398768929	0.152451831652428
553	-2.26231649872562	0.138459517304364	-2.25999338848053	1.3228894870414
554	-2.0754854056545	1.20147221478039	-2.07689599375953	1.35153758024029
555	-1.89661478453218	1.2274909323846	-1.89876682311435	2.25188045601658
556	-1.65372798478217	2.04519865447101	-1.65481263151727	2.02372949625473
557	-1.43642782205547	1.83798781666898	-1.44055069675154	-1.2335627181462
558	-1.48687692541239	-1.12034402386572	-1.48296487435093	0.404046735242575
559	-1.39852132248093	0.366962569906257	-1.40008185297503	0.340419526652689
560	-1.32359779814211	0.309175185567937	-1.32423035419838	1.24910538383194
561	-1.17870584581226	1.13446015461433	-1.17841010242661	0.0653354926802459
562	-1.13149520972601	0.0593388789186487	-1.13611688252398	-1.58318621886221
563	-1.22082885732001	-1.43787842553673	-1.22070576189554	-2.5259599171296
564	-1.37683934446572	-2.29412258983747	-1.37976877024119	-0.985805184792589
565	-1.40869177663637	-0.895326140480302	-1.4053919472991	0.167227377544628
566	-1.34239087213676	0.151878935949374	-1.34443240274839	-1.34011926279498
567	-1.40257580942546	-1.21712060947821	-1.3995836432562	-0.284544379109445
568	-1.37244957415713	-0.25842836360921	-1.37687924113824	-0.546389721511875
569	-1.37121881348157	-0.496241050570514	-1.36538252943504	-0.668916327669906
570	-1.36980128909058	-0.607521935566773	-1.36682279826393	0.410726526467552
571	-1.28596752101983	0.373029277394645	-1.28154806634242	3.09580026693519
572	-0.991764785354088	2.81166192616054	-0.992227924854967	3.29390647075943
573	-0.697059079247078	2.99158557193896	-0.691518800813422	4.53297399727639
574	-0.309198341167373	4.11692916256363	-0.309936054078785	5.50174063296563
575	0.135333673124572	4.99678058385659	0.133884843375005	4.16652220460892
576	0.458030367477043	3.78411100106239	0.460629597065979	5.09545151105943
577	0.846522989506486	4.62778143773023	0.851543148047497	4.27959650607344
578	1.15918375690736	3.88680713157527	1.15867399321458	4.25604181636504
579	1.45357194716906	3.86541433535939	1.45175599221244	3.90380523511096
580	1.70846419040185	3.54550668657121	1.70863441868939	3.54727039567315
581	1.92809646426382	3.22169528177749	1.93436808741807	4.29236809781981
582	2.20464639502038	3.89840652273538	2.20447306452003	3.95010888936441
583	2.43816339540215	3.58756050480265	2.4406740335086	3.98262301505963
584	2.6685610093356	3.61709042320729	2.66836826393464	3.23640541658413
585	2.82928313288006	2.93936207210096	2.8270512645425	0.797365874353772
586	2.78981439202703	0.724182142525521	2.79046067296449	0.616207046556873
587	2.74022040079329	0.559650410893921	2.73529810808381	-0.620156122363346
588	2.58941862869032	-0.563237033134114	2.5897041091618	-0.242612410219255
589	2.47878572547835	-0.220344989278923	2.48029201077399	1.05975193972898
590	2.47605450811358	0.962485923893463	2.47644776746277	0.500008520093558
591	2.42816241919929	0.454116802598093	2.42373480333334	0.57749387725858
592	2.38343377185819	0.524490408706579	2.38284613691583	-0.412773363456604
593	2.26582599477535	-0.374888251855188	2.26325176826525	-1.00900713429276
594	2.10340503120201	-0.916398571644251	2.10522968124687	-1.91387703426888
595	1.87955546402357	-1.73821781917932	1.87671736221536	-4.04199745334989
596	1.49115466507504	-3.67101536446105	1.48742802029486	-4.31656738143002
597	1.09398645452406	-3.92038475081873	1.09138294101757	-4.96909391574658
598	0.660467407683345	-4.51302117893161	0.658634827544409	-5.52023973917734
599	0.199548534105247	-5.01358180748817	0.196162329846812	-6.92389179143644
600	-0.357335103251285	-6.28840404814295	-0.350929531820799	-5.62863860303512
601	-0.782798011276001	-5.11203162080565	-0.787925483796821	-7.33799359173446
602	-1.33923893236232	-6.66449881042074	-1.34207074670836	-6.27950941437203
603	-1.79019496789024	-5.70316429129182	-1.79173298226381	-5.60171605754616
604	-2.17042070498987	-5.08758007691404	-2.17141782735878	-6.40386019569778
605	-2.59996950913154	-5.81610192524586	-2.60686059922198	-6.69745749842049
606	-3.04315763009302	-6.08275231820099	-3.04000712093149	-6.36594734102733
607	-3.43478720660229	-5.78166878331242	-3.43531526134101	-6.10548264789651
608	-3.79552728907095	-5.54511002704937	-3.7952468200328	-5.0581074878051
609	-4.06002858472309	-4.59386491880125	-4.06086087107335	-4.61065608811654
610	-4.28091031605641	-4.18748144576245	-4.28185595698941	-4.53415901146502
611	-4.4880359352266	-4.11800541393285	-4.48902284365127	-3.96163489406549
612	-4.64266883050405	-3.59802863122698	-4.64189861455108	-1.91156659956902
613	-4.62830258882086	-1.73611944049907	-4.62909357174445	-1.8282507709286
614	-4.60937465679037	-1.66045049449607	-4.6087232345219	-1.82586187329936
615	-4.58953758194231	-1.65828085436089	-4.58799468004144	-1.65182089773783
616	-4.55580540542846	-1.50021368516892	-4.55682424915712	-2.3526526547597
617	-4.58106057240203	-2.13672179226762	-4.58072989799258	-0.242081928997574
618	-4.43751849204155	-0.219863196616303	-4.43503878322681	0.0278001617058819
619	-4.27568652411325	0.0252486108501167	-4.27935391939927	-1.44793631921791
620	-4.24200759251549	-1.31504201473578	-4.24516042528684	-3.19128570558427
621	-4.34663929280168	-2.89838353259613	-4.34329839890281	-2.99541552210241
622	-4.42583843284568	-2.72049068102944	-4.42572779361925	-1.50990267446339
623	-4.3880860294123	-1.37132098195712	-4.38624839048549	-1.74576173250872
624	-4.36862343742244	-1.58553245436023	-4.36161450176857	-0.678351397318037
625	-4.26060505226948	-0.616091036869483	-4.26049433158714	-1.45714472320059
626	-4.22454318086749	-1.32340525417191	-4.22198882519934	-1.44358015946803
627	-4.18633140003577	-1.31108567147816	-4.1875976830197	-1.26054941152756
628	-4.13871115718162	-1.14485382803615	-4.14419388278792	-1.23517073842615
629	-4.09484209404788	-1.12180445703577	-4.0939938413065	-1.59164436500515
630	-4.07455962132073	-1.44556026720138	-4.07825313599801	-2.00413587805392
631	-4.09193724502448	-1.82019253740651	-4.08905155303291	-1.09319445218934
632	-4.03044667917909	-0.992859019988912	-4.03121034127542	-0.806956858295069
633	-3.95206056628174	-0.732892848015853	-3.95752574999225	-1.60749951469706
634	-3.944178891755	-1.45996020158941	-3.9488590857482	-0.542110067074518
635	-3.85172144585446	-0.492354190824697	-3.85094921838839	-0.875973524641567
636	-3.7836350059581	-0.795575035594149	-3.78556685981908	-1.28510819588402
637	-3.75286507657851	-1.16715856121463	-3.75021576997313	-0.716779182122215
638	-3.67390488705651	-0.650991847685537	-3.67561169333131	-1.27928087262871
639	-3.64634623913849	-1.16186608059068	-3.64595582782042	-1.67442393552947
640	-3.64893237102841	-1.52074217386152	-3.64670372596758	-0.775290713606563
641	-3.57867952725679	-0.704133081334552	-3.58345828618848	-2.73316918273506
642	-3.67222288175807	-2.48231380135492	-3.66604789295209	-1.19586774485459
643	-3.63053701405631	-1.08610876575052	-3.6305101584541	-0.938798092893169
644	-3.57596645263775	-0.852633447426181	-3.57619193805073	-0.749233556700677
645	-3.50860950454634	-0.680467499042707	-3.5117150005473	-1.65224414673236
646	-3.51769764439532	-1.50059808757883	-3.51744583338366	-1.83737718615566
647	-3.53783911739039	-1.66873927025797	-3.53613475336214	-0.778144207250063
648	-3.47225386569656	-0.706724675992534	-3.47426690458729	-1.25093411103923
649	-3.44989861552596	-1.13612103781697	-3.44737345190579	-0.759035655550583
650	-3.38512950719467	-0.689369942920338	-3.38457810798314	1.09896581206859
651	-3.17789560704938	0.998100673660168	-3.17558779170496	0.913550737525436
652	-2.99094694504966	0.829703341572171	-2.98719364950534	1.70943308775484
653	-2.74640464437058	1.55253812059315	-2.75552265247697	-0.831175754548761
654	-2.72348925857694	-0.754888888657567	-2.72075228564346	-0.903094783583028
655	-2.6956280183369	-0.820207054645798	-2.70012852029486	-0.752462653145869
656	-2.66384472506139	-0.683400222974485	-2.66359254682786	-1.17097208911412
657	-2.66163900383702	-1.06349807987395	-2.66126298910204	-1.85794715568895
658	-2.71361925748317	-1.68742128950086	-2.70932187592545	-1.15245977692351
659	-2.70428659806254	-1.04668486233292	-2.70263887638729	-1.06888370614499
660	-2.69124322908669	-0.970779559702184	-2.68780305275659	0.673760219522422
661	-2.53937527590372	0.611921245962092	-2.53500181406873	0.246907890242694
662	-2.42568276431972	0.224246222108922	-2.42387652015969	-0.123466639848811
663	-2.34773124169294	-0.112134640636087	-2.34796082293851	-0.985414702677645
664	-2.34254463648534	-0.894971497544464	-2.339143194254	-0.787161917076107
665	-2.31839012572214	-0.714914723538513	-2.31692234638341	-0.229845088353846
666	-2.25296416250368	-0.208749476102116	-2.25107505857871	-0.280111001491825
667	-2.19341801091835	-0.254401889684231	-2.18629884049965	0.431622008621684
668	-2.07475560801269	0.392006933101001	-2.07196738553844	1.32320707361617
669	-1.89409712906434	1.20176065266512	-1.88753894802237	2.70376319042929
670	-1.60722802898298	2.4556067460419	-1.60513488189333	2.18434149208243
671	-1.37583231343134	1.98385854301286	-1.38096557219592	0.828079724854442
672	-1.26666482603869	0.752077018361297	-1.26876477757726	1.71390769184539
673	-1.08851595036926	1.55660203714824	-1.08543140775306	1.93897890188385
674	-0.893912804140182	1.76101579041872	-0.890997455855949	1.69896532277473
675	-0.725314497799612	1.54303110666821	-0.717494017666496	3.45669236788592
676	-0.419210790865062	3.13943067485303	-0.417942029642758	3.56171328379089
677	-0.121983616001771	3.23481257460099	-0.122713835289552	3.16300822492589
678	0.131310721906615	2.87270141202004	0.132468903265502	2.99268401476264
679	0.364006171426763	2.71800987654399	0.361887342780085	3.83886270398562
680	0.652089259272572	3.48652470246072	0.651949751089043	3.01765840217967
681	0.867050341044066	2.74069206795654	0.867671437145909	2.78603538989245
682	1.05684436024392	2.53032784910617	1.05812114652261	1.40713734024153
683	1.13170029408927	1.27798764238518	1.13871774178799	2.17582713571036
684	1.27011842846709	1.97612565019907	1.26905832049759	1.18073846147039
685	1.31729171649841	1.07236807630237	1.31281547641461	-0.172671061434455
686	1.25266519059695	-0.156822988346602	1.25843149341013	0.0132101629678112
687	1.21488110526326	0.0119977094942696	1.21640661156037	0.86417033510146
688	1.24151703411911	0.784855164873927	1.24267553006453	2.00124768495629
689	1.35661176655802	1.81756942807522	1.35146593069153	3.32393018255316
690	1.56595477269198	3.01885365128958	1.56386002035561	1.70197455579967
691	1.64279141360568	1.54576414665581	1.64042155988075	0.277574496519974
692	1.60420310208258	0.252098189884525	1.60694586493654	1.28619843904519
693	1.65153066606021	1.16814873981861	1.65203283156399	1.68149823513502
694	1.7262234523845	1.52716718101319	1.72366427226987	1.19630055310971
695	1.75701689275512	1.08650185005419	1.74877590737099	-1.81972899214206
696	1.54316450496287	-1.65271086051089	1.54152839082497	-2.92084100582837
697	1.25634321178869	-2.65276075338874	1.25118134176002	-3.79434624138013
698	0.907333493990142	-3.44609404408394	0.914302989594991	-2.65220305352993
699	0.672549139379725	-2.40877889497673	0.670269535295218	-2.55751932150177
700	0.444637115015508	-2.32278541302838	0.446057081909706	-2.09018726408154
701	0.265259200359266	-1.89834596622146	0.261669447441201	-3.37752300465638
702	-0.0142120719999211	-3.06752762390742	-0.0197428412690581	-3.84574710578114
703	-0.322612248429052	-3.49277724097867	-0.321364621436969	-3.33731217277452
704	-0.573411943193727	-3.03100741741058	-0.572278315478034	-2.41582910023189
705	-0.742695930949708	-2.19409978537058	-0.742723672294631	-2.55771471420723
706	-0.91830139511424	-2.32296287222576	-0.916738961480823	-1.00386416192568
707	-0.963495169375302	-0.91172763090358	-0.958350178800523	0.389134361642216
708	-0.893673738490051	0.353418881856149	-0.889692205452509	2.07820558298023
709	-0.694119680851344	1.88746398622947	-0.694834426569369	-0.605589363489389
710	-0.718015598091691	-0.55000723864417	-0.723709273496065	-1.76683570404081
711	-0.837531727008377	-1.60467221735549	-0.840511491191223	-3.31833156535967
712	-1.0726643252506	-3.01376888565718	-1.07852917562829	-3.02306840558005
713	-1.27894075590776	-2.74560553112266	-1.27563529533235	-1.5493431491117
714	-1.35273191905743	-1.40714153604865	-1.35122524733266	-0.346379789658862
715	-1.33068584001209	-0.314588404483688	-1.33168938109217	0.261034635306974
716	-1.26389519642599	0.237076388079911	-1.26811368025938	-0.820194148884483
717	-1.28792052003654	-0.744915195307858	-1.28793882684972	-2.15336786696413
718	-1.41227893841863	-1.9557277351599	-1.40793233549292	-0.530831551755893
719	-1.39994342172348	-0.482110838744238	-1.40022358100948	0.595728002475391
720	-1.30358140036418	0.541050971794748	-1.30189986440937	-0.3917290406656
721	-1.28668802828262	-0.355775416384095	-1.28371956313552	0.0854185247760789
722	-1.2314876969993	0.0775786527531587	-1.23109869097755	1.70031453697963
723	-1.053257573587	1.544256487469	-1.05683094378498	1.54412401260737
724	-0.897494191534928	1.40240142165776	-0.904193298400367	-0.437094081208737
725	-0.906655341304199	-0.396976768627707	-0.903064067987137	0.907078654420914
726	-0.799462118331471	0.823825278364318	-0.799382215760908	-0.544903530280911
727	-0.814068369619632	-0.494891264751408	-0.80924512437053	1.59154081907072
728	-0.654938792730057	1.44546622490655	-0.657420913544988	1.58726061632553
729	-0.508832412072165	1.44157886717761	-0.506103630760587	1.39742068309189
730	-0.377862392702542	1.2691627982087	-0.37777760477586	1.61814330639313
731	-0.236660638870489	1.46962708616897	-0.243022444321351	-0.592852385001001
732	-0.281208389599605	-0.538439283872468	-0.281219193395795	-0.659099588694723
733	-0.323280926176285	-0.598606195261956	-0.322077460021019	0.140741126659165
734	-0.299554901899144	0.127823642726237	-0.299615896201335	-0.89269752378223
735	-0.359465086709336	-0.810764074802902	-0.357822063081332	-0.710461615415482
736	-0.401223662640951	-0.645254119071383	-0.405079027169516	0.244892940714819
737	-0.37139390931683	0.222416208418707	-0.376035275755651	-0.787016960206347
738	-0.424834475828596	-0.714783071081475	-0.429648362272582	-2.36288529363822
739	-0.600940953860793	-2.1460152604045	-0.597978038753469	-1.64956813578437
740	-0.706999174807145	-1.49816768592249	-0.702820721919839	-0.650759502266843
741	-0.729284458196605	-0.591031577570818	-0.730117604884546	0.126979786194497
742	-0.694222209290335	0.11532534383703	-0.696082130460774	-1.71220000581939
743	-0.806570826344982	-1.5550510857408	-0.802230083258887	-0.424101217168328
744	-0.807279635219633	-0.385176413958715	-0.806540880346318	-0.416758551568197
745	-0.810858074282999	-0.37850767194557	-0.810763997015506	0.486066318965132
746	-0.74366589788564	0.441454242775242	-0.748857931609509	-0.197752587169281
747	-0.73793163160674	-0.179602484721683	-0.739101773595464	-0.502519723254379
748	-0.752578374635719	-0.456397522834326	-0.753341330793863	-0.998282880997644
749	-0.805447049853048	-0.906658610381755	-0.8065975141913	-1.14222065917942
750	-0.868177987798681	-1.03738550997289	-0.867814492729937	-0.817395423346779
751	-0.901585213423657	-0.74237334203645	-0.904351349374551	-1.42194138815888
752	-0.98454798321626	-1.29143294708614	-0.987453331102215	-1.45353641514947
753	-1.06719919883566	-1.3201281233849	-1.07310330598867	-3.34612968617071
754	-1.29920841325282	-3.0390156429296	-1.29607449024905	-3.30708689611403
755	-1.51119660912168	-3.0035562731938	-1.51220763412028	-1.84411915171645
756	-1.60418972240134	-1.6748624456053	-1.60334988683118	-2.03898215992772
757	-1.70748406651556	-1.85184056233217	-1.70505061619625	-1.29713585526362
758	-1.7470223854374	-1.17808229951249	-1.7521968464614	-0.760301882174884
759	-1.75012228385621	-0.690519952895936	-1.746769373999	-0.430784429794244
760	-1.71887625177326	-0.391246228825462	-1.7152613384585	0.25667828846704
761	-1.63421896348803	0.233119874903718	-1.63135277322114	-0.946105887051855
762	-1.64822705940223	-0.859270518564022	-1.64283533350407	0.0203140033342142
763	-1.58301712974297	0.0184495461004829	-1.58119886884917	0.665791895351574
764	-1.47261315467227	0.604684269492463	-1.47331948827109	1.78900815600698
765	-1.27989401064305	1.6248096401953	-1.27892166716401	0.73749811203243
766	-1.17538707417958	0.669809155443254	-1.17356224848548	1.64689241187931
767	-1.0019769080132	1.49573754496375	-0.998012738691874	1.56731030621805
768	-0.838929998986675	1.42345963385905	-0.835281953906322	1.78806238717429
769	-0.664540310911861	1.62395067579562	-0.666392511858236	0.788600448202846
770	-0.580529367083412	0.716221223586933	-0.575234981448501	1.56027831406548
771	-0.431688662392365	1.41707305110317	-0.431106767282624	2.0150055316963
772	-0.256773224556841	1.83006455390035	-0.263502638800208	-0.575111007579957
773	-0.299562419649946	-0.522326243265435	-0.305098383172622	-3.73081229540054
774	-0.588783546583562	-3.38839136253905	-0.587414703762221	-4.73479956019794
775	-0.940346875944979	-4.30023079770246	-0.941040901679703	-3.68844863597721
776	-1.19884709381415	-3.34991591904046	-1.20030185857231	-3.70308252802924
777	-1.45007615415791	-3.36320668509978	-1.44605565657518	-2.62968425328549
778	-1.60239146708189	-2.38832691235164	-1.60175443685384	-3.66308604704507
779	-1.83414588575875	-3.32688115597418	-1.83882612676966	-2.47340312562631
780	-1.96890766697251	-2.24638955899268	-1.96749511066625	-2.40963557505057
781	-2.08798362727422	-2.18847471351855	-2.09222962214008	-2.97371659443342
782	-2.25282457126101	-2.70078332154083	-2.24607971864642	-2.52063399360903
783	-2.36545825356927	-2.28928548954249	-2.36846913829059	-3.42376705238235
784	-2.554800714965	-3.10952730641	-2.55568047654797	-2.93544571025824
785	-2.69683185127281	-2.66602501072048	-2.70193169026379	-1.86241744399127
786	-2.75319971084729	-1.69148128637884	-2.75017410170699	-1.61792357962499
787	-2.7804331899978	-1.46942752633472	-2.78241020435338	-0.524175679524341
788	-2.72519058998713	-0.476065854919305	-2.72526087065969	-1.15959632886494
789	-2.72022411947218	-1.05316640818461	-2.72071873304216	-0.681682114856303
790	-2.67811816030197	-0.619116054920278	-2.67673238438718	-1.63813105296166
791	-2.71118901961734	-1.48778031996015	-2.71115902820679	-1.70932507056266
792	-2.75001552963632	-1.55244001742097	-2.75042101758971	-1.96446379761434
793	-2.8080259550587	-1.78416163473657	-2.80869384957238	-3.10554337909857
794	-2.95430644760708	-2.8205107972601	-2.94626219790987	-2.17097483163424
795	-3.01322861984648	-1.97171869966977	-3.01076704310919	-1.39951822686237
796	-3.01455178215791	-1.2710678254874	-3.01735249157964	-0.409769781767442
797	-2.94277680275824	-0.372160344513191	-2.94283064427601	-0.97152444330647
798	-2.91523850264627	-0.882356112167199	-2.91723960924968	-1.50824868475826
799	-2.93292131853372	-1.36981879852176	-2.93555383073068	-1.51386261340391
800	-2.95102970910998	-1.37491747029259	-2.94955915281999	-2.08597470117202
801	-3.00969915065484	-1.89452004021752	-3.0084179664258	-2.2176910158282
802	-3.07686946982944	-2.01414718507193	-3.08050710139847	-0.144801063308759
803	-2.98277785007842	-0.131510950793946	-2.98433832173766	1.15194586646632
804	-2.78765646893349	1.04621811953903	-2.78988264877904	2.79415352587533
805	-2.47046165175274	2.53770088737942	-2.47362616832507	2.63807811408697
806	-2.17773189165945	2.39595036890376	-2.17533663668024	3.12749672216753
807	-1.85137951011611	2.84044922142725	-1.84935265463653	1.66108219532845
808	-1.65270025427233	1.50862496353868	-1.65086101512352	2.2509287586697
809	-1.41468196654706	2.04433430568726	-1.41528536566334	2.16397781801303
810	-1.19431764262389	1.9653638850502	-1.19432221167533	1.58751583052826
811	-1.02668819850409	1.44181065734331	-1.02620796744315	1.4667542537147
812	-0.874063637317003	1.3321328039959	-0.872115654865157	2.26104607368929
813	-0.662733214326188	2.05352303460475	-0.662711382958712	3.45335797828462
814	-0.366632610559195	3.13640232176802	-0.368645528333848	2.63448451535974
815	-0.147625958823051	2.39268659739137	-0.145178970313847	3.97886288532095
816	0.17404218935923	3.61367540521126	0.177170865941418	2.79808789923333
817	0.39176340250098	2.54127415658937	0.394711780922434	3.65025898691042
818	0.668862869531381	3.31523138741825	0.668958842470906	4.71434574751004
819	1.01738690924568	4.28165427421235	1.01277253880658	3.42526856959675
820	1.24726242674701	3.11089101156511	1.24971284798238	2.85979710052837
821	1.43117041830637	2.59731957193098	1.43393365114446	4.34010872475424
822	1.72571357121437	3.94176542560655	1.72860811095878	3.79038604966141
823	1.96655302625922	3.44249732617073	1.96778589236391	6.00582854565936
824	2.37213423227941	5.45460236476943	2.37032198501968	4.41285837753912
825	2.63466310374402	4.00783797914345	2.63170188769807	4.41015188463228
826	2.88656723833292	4.00537989321948	2.89238614128827	5.61007570416365
827	3.232731548301	5.09517245952399	3.23147266846183	5.39380981324649
828	3.54273114793957	4.898755856711	3.53868342612582	4.60914059187064
829	3.77711686239392	4.18610504459751	3.77565232164675	2.97856028349902
830	3.87697668826762	2.70518244776139	3.87804192251068	2.87282711230285
831	3.96739187826479	2.6091536648455	3.96600789639175	1.81958279377066
832	3.96910153604423	1.65257808049956	3.96969765328551	3.01398671370985
833	4.066942357456	2.73735737392425	4.06255793870602	1.90035549899117
834	4.06860617691382	1.72593731570834	4.07000941814344	2.77454781350087
835	4.14479910655107	2.51989462396919	4.14535793280019	3.11850267905756
836	4.24462812954399	2.83228066842186	4.24731557789172	2.93757183200742
837	4.32869084487106	2.66795599303753	4.32835096732578	3.25876221943204
838	4.43220828196649	2.95966692575367	4.43249243520293	2.74433340458429
839	4.49205234328969	2.49245335003445	4.4927702360157	4.04777887480473
840	4.6530833182972	3.67626615623767	4.65790040262307	4.07826239309834
841	4.81476827066616	3.70395184018731	4.81709590934243	3.5121138522435
842	4.9236329401949	3.18976547168208	4.91903142278803	1.71513559979386
843	4.88010952323785	1.55771724540777	4.87721154052315	2.41566072135425
844	4.89506840280158	2.19394686062136	4.89381854583511	2.87114956154536
845	4.94704152925853	2.60763008283525	4.94270226408592	2.10049479150885
846	4.93336040092628	1.90770744949599	4.93069695399813	0.151455523775465
847	4.76793057827219	0.137554652428452	4.77290059612618	-0.521083252042216
848	4.56263809815422	-0.473257256217455	4.56735274807808	1.21077471762364
849	4.50108038195257	1.09964754866772	4.50437653316518	1.7378166798433
850	4.48193849731058	1.57831661349373	4.48167622914879	2.71527977537144
851	4.53719989922784	2.46606631727041	4.53460326163792	2.85814123796672
852	4.59952838953414	2.59581568753337	4.60365460752866	1.89848050994917
853	4.59038080996452	1.72423441666874	4.59013214505849	0.518791384990166
854	4.46842998334227	0.471175741011549	4.47304663831181	0.316869840501109
855	4.33955452271592	0.287786933673063	4.33716093353501	1.16701843139242
856	4.27559157063926	1.05990729625528	4.27486186135715	0.568396452835854
857	4.16824709979666	0.516227962918749	4.17373049307587	1.69153074973894
858	4.15935542547695	1.53627889265581	4.16117374733203	1.28315988973197
859	4.11500835411119	1.16538907424652	4.11398913568033	1.77068668844397
860	4.10797930900755	1.60816975120489	4.10824875542921	2.14700348511245
861	4.13214739338508	1.94994748818239	4.13366823226731	3.00944132647649
862	4.22474376096002	2.73322917083564	4.22742657802446	3.42938052948404
863	4.34832817509404	3.11462556808042	4.34994865362057	5.28605512278789
864	4.61306762176866	4.80089109335286	4.61541504770839	3.81336825257982
865	4.75287864514599	3.46337017950534	4.75211125261867	2.52616466061026
866	4.78312387704405	2.2943085415784	4.77706815072094	0.94932702719306
867	4.68272670398474	0.86219601643628	4.68263363573962	0.120938558315589
868	4.52624861176561	0.10983859115605	4.52685035814235	-0.289690955250281
869	4.34357202260911	-0.263102577362541	4.34526831882513	-1.89369611915563
870	4.04181021864494	-1.71988914621388	4.05142949576815	-2.56899204698796
871	3.70507836679091	-2.33320515030386	3.70361219747251	-1.40644022973862
872	3.46135367454376	-1.27735451398853	3.46625746989823	-0.729303076174286
873	3.28586042444181	-0.66236627530917	3.2861268935173	-0.943532014163519
874	3.09520242778734	-0.856932880545122	3.09849186858497	0.798545640296208
875	3.05172948884651	0.725253627342406	3.04699361206659	0.0985673935126763
876	2.94680241368678	0.0895206937154375	2.94014835301671	1.03835734952751
877	2.91792680131344	0.943054969210194	2.91913684670955	0.74740756647705
878	2.87469335210838	0.678809101618252	2.87735652421016	-0.485463760834386
879	2.7370752489527	-0.440906988557128	2.74217146058063	0.909530826350312
880	2.71679623142844	0.826052385365996	2.71461455820048	0.488924747255811
881	2.65701473869052	0.444050319169252	2.65760094069772	-0.0866090436351701
882	2.55659092564499	-0.0786599035638891	2.55855321479709	-0.787685885363558
883	2.405712601325	-0.715390601036192	2.40493633741633	-1.50324288302265
884	2.20105580092895	-1.36527243863536	2.20091018383411	-2.31504957290176
885	1.94017840873387	-2.10256999161837	1.93842932948169	-0.575730944591015
886	1.82429405248821	-0.52288928129771	1.82061989250668	-0.54668438575723
887	1.71295207939604	-0.49650866998011	1.7129747865643	1.09955566500971
888	1.73906951188441	0.998636388794731	1.73674722605091	0.746793120936372
889	1.73415379699232	0.678251051038931	1.72759699330289	-0.166532924455416
890	1.65323323873067	-0.151248221064018	1.65652186351732	-0.664503248530099
891	1.54536876234852	-0.603513897087336	1.54594947109099	-0.579700055276631
892	1.44540860731494	-0.526494099578351	1.44495041064942	-0.81132365535594
893	1.32970499168179	-0.736858852272153	1.32808551466476	0.235775353125877
894	1.29963537158803	0.214135450077782	1.28939162924895	-0.978889275563874
895	1.16643150529665	-0.889044986340339	1.16688808415849	-0.686471552687648
896	1.0713513044532	-0.623465909186373	1.07114471639444	-0.967286480658921
897	0.956834162528527	-0.878507117660715	0.955602277496224	-0.894312187577507
898	0.851146347624142	-0.812230541733995	0.849483617746103	-1.4360920196165
899	0.706021966311498	-1.3042848071126	0.708815717459197	-0.532808336226133
900	0.641640565227241	-0.483906190237215	0.635020131964427	-0.506783545859257
901	0.572514263585367	-0.460270003822871	0.573958373220448	0.451948259093386
902	0.589294989545703	0.410467602273778	0.588074914682541	-0.0697000217647999
903	0.561734324893556	-0.0633028233577419	0.560532528024355	0.377004643137958
904	0.570429124968235	0.342402451611044	0.568631593020171	-0.0309318660922352
905	0.546040201395744	-0.0280928815484382	0.547052520155919	-0.0693243894110209
906	0.522195230458791	-0.0629616672442049	0.519852793344779	-0.289204742821492
907	0.478602800469107	-0.262660990420175	0.476269887221651	-0.137766346209477
908	0.448518261449889	-0.125121893192067	0.443316192968611	-0.514164086046302
909	0.387020857098204	-0.466973144222479	0.384685098242122	0.369854472293316
910	0.40024852886083	0.33590853682457	0.397477515580241	0.445381435440459
911	0.418549458675747	0.404503493982314	0.41936102501583	-0.15983314369618
912	0.39188412213821	-0.145163358718227	0.39075096490222	0.995182335619229
913	0.455460509384595	0.903842638859324	0.454084806837755	-0.870836415147393
914	0.369253489732891	-0.790909419620938	0.368714497557885	-0.745554669341225
915	0.296797596143306	-0.677126266848343	0.293674028323978	-1.44597787715021
916	0.169127414778469	-1.31326332214532	0.163856557447647	-0.93999766126689
917	0.0838502914157637	-0.853722917170158	0.0813592092964346	-0.885504526431207
918	0.0085777638932274	-0.80423126420693	0.00526428437083507	-2.51467641965
919	-0.193421482554333	-2.2838747128681	-0.184950569136704	-1.34011963519928
920	-0.284180823911706	-1.21712094770255	-0.286594167846274	-0.873189804282019
921	-0.345364922829063	-0.793046810297571	-0.341938951196244	-1.72720253266156
922	-0.466161131559512	-1.5686766525995	-0.466645670732778	-1.34335200056454
923	-0.556149069616131	-1.2200566405268	-0.555672893579263	-1.90192175317869
924	-0.686112991661579	-1.72735981615605	-0.685473998844271	-2.10228043628
925	-0.827130100734881	-1.90932920444908	-0.8272014169511	-2.11113929388491
926	-0.964534622237866	-1.917374979528	-0.961547801838539	-1.47403733448239
927	-1.04382991144976	-1.33874742998401	-1.04388431232596	-0.914668130942121
928	-1.07909425744879	-0.830718178530417	-1.07386028825781	1.66135478940548
929	-0.904666330202523	1.5088725384213	-0.901604705423273	2.37190408469754
930	-0.682426585643619	2.15420628994614	-0.683836794083651	3.14356898623801
931	-0.411463025552	2.85504634302995	-0.413851501881337	2.02277914307868
932	-0.23951578808151	1.83712468868555	-0.242694537493009	0.850038022690584
933	-0.166995688227386	0.772019942537828	-0.164965763466512	0.411226948163668
934	-0.126659389940987	0.373483769451197	-0.132423050950478	0.563516570433728
935	-0.0832486670981226	0.511795965253803	-0.0850549986113105	0.369553486366661
936	-0.0528698514269529	0.335635175949411	-0.0539097214166018	0.1396002919818
937	-0.0409798744949288	0.126787515990074	-0.0407919959173413	0.897149196562843
938	0.0314711170354037	0.814807164726583	0.0346229364848367	1.3995960759839
939	0.143874975623973	1.2711385294709	0.140140396751467	0.837476525411376
940	0.201281740664637	0.760611362981601	0.200951517016054	0.973892651529128
941	0.270706171210443	0.884506961808238	0.27431086042349	3.29902898211087
942	0.525003622737614	2.99623792961429	0.522687677497421	2.2943806669911
943	0.685275873415339	2.08379811656394	0.68162609068412	3.05801543757259
944	0.89886071930795	2.77734505913265	0.896668153064017	1.36175163050148
945	0.972385888709986	1.23676751800222	0.975762937041647	3.5863434243306
946	1.22427893000072	3.25718211475871	1.2241972921392	2.6609703877337
947	1.39086437610228	2.4167415468435	1.38775677568795	2.57216956652019
948	1.54161844026669	2.33609103114825	1.54109361548094	2.80183787151852
949	1.7076508761252	2.54467994940198	1.70896952753275	2.74925536466546
950	1.86542735331592	2.49692356341033	1.86100276697296	3.19289292462721
951	2.04709232147972	2.89984323806818	2.04342258275142	3.74394166150653
952	2.26654574214432	3.40031569085865	2.25986462743948	3.24694016053933
953	2.43608660065415	2.94892991754534	2.43643498519043	2.08911720333599
954	2.51500585200868	1.89737411765322	2.51827085081921	1.74824958084608
955	2.56703499767902	1.5877919633224	2.56542014260823	0.602696207075449
956	2.522087798658	0.547379621539028	2.51939721528874	-1.09353140736294
957	2.3438018037573	-0.993165048786233	2.3482266986125	-0.735401430648764
958	2.2069662512614	-0.667904911399894	2.21242134569599	-0.251577347030906
959	2.11416450659588	-0.228487107416508	2.10893066237321	-2.69643034694521
960	1.82135344465607	-2.44894692465262	1.82480038391302	-2.76186322794481
961	1.54212643592525	-2.50837425340846	1.54196418354992	-2.18424522221801
962	1.31490769956508	-1.98377110897672	1.31568628443904	-2.2645788830699
963	1.09030682992243	-2.05673159613048	1.09277526484048	-1.67166133263363
964	0.922097484855536	-1.51823312782832	0.91960604455868	-0.979873731652443
965	0.809671748442008	-0.889939087207171	0.807029429553273	-0.233839822533825
966	0.759973490282259	-0.212377566104867	0.759536577917385	1.36200161351786
967	0.840133372248155	1.23699455710963	0.845208903925846	1.66317699244326
968	0.946543523257838	1.51052749625491	0.949086839598728	2.55615452984202
969	1.11722882520629	2.32154588450071	1.11631020370456	1.98075853675111
970	1.2331069214184	1.79896081222773	1.23713339150155	3.60275861914019
971	1.4776833462395	3.27209069227567	1.47607899033824	2.27057566923804
972	1.60300421005629	2.06217798604406	1.60453681739751	2.43907622388863
973	1.74021087822743	2.21521324452248	1.74096422629373	1.82988178753727
974	1.82371636562381	1.66193181334874	1.8249407096274	2.85862023737158
975	1.98592189575726	2.59625072347664	1.98358005743293	2.49937271597362
976	2.11058211278897	2.26997561174853	2.11199703561366	2.93638316934278
977	2.26894455452232	2.66687642805625	2.26627434145381	1.94818954333205
978	2.33975062930518	1.76938106196161	2.34100903632195	0.614283451189835
979	2.30654346621375	0.557903366708738	2.3030079855865	0.388254773764955
980	2.25204713673471	0.352620024199982	2.25409828240474	0.738041954261515
981	2.23248147528446	0.670303082815019	2.23036662408519	-0.000337829139396284
982	2.15130580023961	-0.000306822548900567	2.14941873139328	-1.43872200489973
983	1.9596856277515	-1.3066734074258	1.96274827870058	-0.996920063797474
984	1.8145041415789	-0.905420875094062	1.81413575803426	-2.12816200511551
985	1.58186173920612	-1.93283531447218	1.58693049870254	-2.34083703991625
986	1.34591983388717	-2.12599063666165	1.34956590755676	-1.88136621003428
987	1.15323529792224	-1.70869089922107	1.15723088592065	0.161920897497005
988	1.12900526542152	0.147059494569002	1.13147472211005	1.20362278934321
989	1.18638986565017	1.09315203774621	1.18865648685019	2.15014093832109
990	1.31625999602248	1.95279698006533	1.31204913090455	2.32001507447654
991	1.44868939390841	2.10707975016812	1.44793573721351	2.36301231605423
992	1.5831548330411	2.1461306244655	1.57928779374042	1.61581377254532
993	1.65087128364459	1.46751136129629	1.64964035545489	2.15646840467868
994	1.76140813738946	1.95854369972187	1.75986119569873	0.0100225797974827
995	1.69829077926959	0.00910268867131593	1.69920872131793	-0.830192846784766
996	1.57346406799553	-0.753996194007183	1.57014369098292	-3.67310547423015
997	1.22456354905915	-3.33598098138576	1.22616872273726	-4.20222899787356
998	0.851010458525011	-3.81654055803342	0.849091594605898	-4.31425244190662
999	0.478452532085447	-3.91828228077606	0.47259768571092	-2.7988273837412
1000	0.234921903371862	-2.54194576982552	0.235244797816788	-2.22810566106716
