t	v_c	v_i	v_y	v_l
1	-3.35602776952685	-2.86851007506307	-2.85730349617394	-0.72242896534031
2	-0.165808458690851	-2.65080550399572	-1.14680336958378	-0.553904620534758
3	-0.130622896386959	2.00325477106665	0.902737893359882	-0.384903291463467
4	-0.199306065994015	-1.30984439116644	-0.71795304928092	-0.176093899303936
5	1.29108955635824	5.85528087500157	1.85826410761554	0.977513510455242
6	0.953237335886703	1.87237873328426	1.015208626348	-0.27018080016208
7	0.242958832133196	0.315395247048459	-0.645960146044677	-0.155087454244946
8	0.668255908557214	4.47407818122407	1.56575769454369	-0.100191369174512
9	0.895349903071728	2.91083224863527	1.19447633457759	0.967037003502324
10	0.240146775482855	0.782421054338439	0.102366194272752	0.571365775780847
11	-0.771668867583536	-1.73498538917051	-2.05295853348349	-0.0739920368749493
12	0.669600672391639	3.34950660721246	1.38328540883015	0.282590898882224
13	1.13040293609455	-0.937600650752718	-0.599864586976049	0.860658454531647
14	0.0772842624374779	2.15659286901666	0.938413290583193	-0.618279351591793
15	1.39198333071062	7.83628025123975	2.25849157896937	0.915976352316276
16	0.156715786205956	3.51981804315032	1.65370621808688	0.805686039837525
17	-0.449296764524969	-0.200331912768705	-0.577549959476795	-0.976913764566128
18	0.903265881803152	1.05928069625783	0.564935396677616	0.751873711667122
19	0.509108579766106	1.98029369820693	0.557484090802686	-0.354378303416102
20	-0.571922574285848	-0.127179311572634	0.404536216007741	0.024297294472434
21	1.1051343143068	4.03060279548752	1.45452658827498	0.359228081125702
22	-0.253651398302969	-0.565599823677626	-0.578925115364149	0.754008135098505
23	-0.523692310731605	-1.01636337883754	-1.39053365767665	-0.989667687196984
24	0.065383629990551	2.72878098242123	1.20849567551282	-0.578269414464244
25	-0.430093631644833	0.72687550171092	0.343804289846486	-0.546232957164452
26	0.358571822128061	-0.309940683086838	0.531988614817893	-0.782169729541792
27	0.384024741849663	-2.041151547523	-0.49261263422943	0.469387759082953
28	-0.181137946552633	-2.95316685618385	-1.13634181899732	-1.02537834412978
29	-0.100518227518072	0.380572441325253	-0.0745333927751095	-0.326249330019573
30	-0.661589029090033	-2.66704741618814	-1.81242527581747	-0.0609110898991806
31	-0.751753414771034	-2.37190432697258	-0.756435827957764	-0.449964448378468
32	-1.14176769448305	-2.81800894910976	-1.72617705199964	-0.066992044306992
33	0.203239563644698	5.50298817724903	1.91053340874988	0.424207471804131
34	-1.40434841927966	-8.06156416329639	-3.25508438169764	-0.812108051477714
35	0.156391277289295	-0.159467240093781	-0.717745739556061	-0.294137675418036
36	-0.847876966071043	-4.20373796038743	-1.60024438419927	-0.355262006347634
37	0.201582802483383	-2.46754727111854	-0.63370065185128	-0.231127542667981
38	0.0378627303429435	4.38224651497731	1.94239710755365	0.333766068408835
39	-0.869803552553303	-2.04179251522231	-0.448382878265589	0.467736236204539
40	0.845596109898603	0.416781882360866	0.310576455580553	0.81368168762831
41	0.0997328531114214	-2.43815838863624	-0.836548418935646	0.254299176408861
42	0.49406512190791	-4.08489237787278	-1.03198162075863	0.220316268028464
43	-0.380566056895317	-1.36175417850652	-0.539829322927615	-0.596296081194679
44	1.28865968881534	2.36945572279888	1.04732352238837	0.750290936752185
45	0.0890030524975707	1.92475507006767	0.107674865043695	1.06412550697527
46	-0.1339389555541	2.67764381478837	1.59620305405847	0.0049221409353632
47	-0.913425622735784	-2.41521657954745	-0.980981909506763	0.340940085867803
48	0.377772872665144	-1.93980242592322	-1.03782356047186	-0.682108088903246
49	-1.06442644177234	-2.74936483329042	-0.907590664856884	-0.0906442413841722
50	-0.755125561065171	-2.07541639145178	-0.553771208695875	0.666727032188039
51	0.665522173559939	1.43546257952023	0.701065190540644	-0.383948466011868
52	0.70839800544559	3.53206192852445	1.63305823093198	0.362025075814289
53	-0.75341495789256	-2.28719319541613	-1.76521842276867	0.0232417341622745
54	0.937114927157035	-0.274125030739182	0.167189909721153	0.840892505892029
55	-1.06033046635105	-4.92088099960727	-1.72185167642989	-0.213999059134766
56	0.803950501247046	1.49610488994831	1.37561747513877	0.855809549217277
57	0.26993662168466	2.48468887175485	0.591910798654662	0.104695307683007
58	-0.0143161862875432	1.74621918616315	0.825423254083594	-0.422190591006087
59	0.606859182750464	4.09827350659963	1.80578144240953	0.425700115264559
60	0.460734996422232	1.78570771195858	0.277694224464998	0.930585265127296
61	-0.527311139515478	-4.86467370413751	-2.04078174323404	0.0537239574636896
62	-0.899988827328882	-1.52057881151907	-0.84265258143015	-0.226898788694551
63	0.549700294614918	5.23036836877976	1.59446228679012	0.756498108474289
64	-0.60765794703053	-2.14004638106999	-0.84626670079106	0.277736314374992
65	-0.433461520395026	-0.529987354870571	-0.176868537657234	-1.10575074250834
66	1.65203123915105	6.37619091333526	2.7031841823721	1.01057293263523
67	0.993343960978645	5.34472455340311	1.46631290935319	0.142627653491609
68	-1.15059482768845	-4.50214557536813	-1.45168387328507	-0.941737291449826
69	-0.266895049025177	0.155412212048931	-0.870840301131117	0.212513547192449
70	-0.665294108912571	-2.56365673168223	-0.465729686750394	-0.22288259500486
71	-0.341256714733274	-5.91705555897645	-2.47034152996605	-0.295261175934612
72	-0.104406590290329	3.17125416519415	0.393208921882554	0.30017840482286
73	0.00792471142058965	-1.51253425989137	-1.26872132369134	0.743133487428493
74	0.286740541994705	4.40256044281089	1.82266029564762	0.345936279558353
75	0.909155589797535	2.64304209600194	1.02753722542864	0.0152234017983431
76	1.46120155767729	7.84086746849556	3.13985560500221	0.145939394462911
77	-0.0790771954860845	-1.70329656683001	0.459472429771111	0.166164576566883
78	0.238672685754001	3.67739720953947	1.38697914507039	0.752217336840896
79	0.806662053147928	1.41857967983622	0.425397570039172	1.12746644817869
80	2.00552562477232	3.22186111012645	1.38200518987882	0.149582742079899
81	-0.747319917240245	-0.67511070314406	-0.404708533623681	-0.0164947672999327
82	-0.0290670174786278	3.95990627683103	2.64546715370858	0.112348643038935
83	-0.317059245276749	-1.89186322336049	-0.993157150816968	0.21281169959844
84	0.412540846592234	-2.78803356876232	-0.691574157777159	-0.919539129915591
85	-0.685805766465277	-2.63329673932255	-1.30895812080459	0.314412894011344
86	-0.988026380400813	-7.12190502412024	-2.61272347089597	-0.354999078723243
87	-0.542278147624211	-5.35316838686731	-2.13549567562861	-0.954259848479604
88	0.787931939901492	0.687871291211886	0.079332405935663	0.352892265977656
89	-0.467126257221191	-1.23529763702598	0.102519480086137	0.315449120014993
90	-1.00798260652903	-0.528624587425311	0.693564544732121	-0.0297683288869601
91	0.371704480158337	2.2752547153401	1.41021409470386	-0.242670224613999
92	-0.440892174764397	-1.75939179183438	-0.996640010303231	-0.545130732311523
93	0.263733308078085	1.90930313023833	-0.332646511968477	0.28199122410909
94	-0.566394618540707	-1.55073114578176	-0.451493644997016	-0.38169117125842
95	0.38944459718263	1.70634713508737	0.940866729849817	0.556832954538943
96	-0.888554420183166	-2.94026582417491	-1.45331250089638	-0.17808525152715
97	0.530838452310357	3.80360133153247	0.984715649115245	0.0360585851785387
98	-0.56728479212618	-2.98778825849769	-0.617195200964055	-0.647610199163826
99	-0.120952403055681	6.52523109126562	1.53987791732007	1.27871851973769
100	-0.776094618658603	-2.46299363966935	-0.637026968115955	-0.184402796834924
101	-0.455459349108195	-4.35469602795486	-1.69344041759814	-0.396397714904732
102	1.21662631298734	3.4501043107867	1.21641223642688	0.580185001349124
103	-0.447616588875552	-4.10995833462231	-1.40781747464065	0.118409316302273
104	-0.408076587379454	-1.72007019414504	-0.836976789836602	0.408142137177145
105	0.375536129514934	-2.36201863747506	-0.713844055823842	-0.735983708625817
106	0.923471219790534	4.34644290274596	3.04561366722682	1.33567701643847
107	0.49189700387129	1.51348482153336	0.998190056605849	0.328837933277186
108	0.942256301686374	2.9936649679742	1.65867954781787	0.262164605511784
109	-0.722431378431326	-2.62916956962149	-0.62356902380126	-0.00267395483046945
110	0.196764613681226	-1.141237016602	-0.405210328234177	-0.127931045816031
111	1.12319254178986	-0.0891595841889246	0.303474125488096	0.00768055363604084
112	1.05517943409497	5.95726712092856	2.11332592763896	0.504529421234667
113	-0.618168860165847	-1.70008708505151	-0.120265730951779	-0.951327280638909
114	-0.0717324009693193	0.454651954623415	-0.426939601417498	-0.670554154796548
115	-0.561253502233838	-2.35934128624724	-1.27725161845876	-0.541424357316798
116	0.43947290000022	1.21687798315302	-0.0513359487619267	-0.561246335338067
117	-0.643777134740899	-3.11117091855158	-0.765290475580651	-0.312249454154417
118	-1.16288062802039	-8.33010587428249	-3.89034996995111	-1.10494780127692
119	0.585101625128363	1.0493801469421	0.0551418088975848	0.456910759154012
120	-0.515233660716154	-1.84121920781841	-1.40879882790576	0.587494134321651
121	0.656727183339887	3.11912291306936	1.89453211672969	0.909544424390302
122	1.35523160078823	1.69340744014457	1.06583654272712	-1.07197949741096
123	-0.0783538009598927	-1.52157666272396	-0.902314355831844	-0.551391690146338
124	-0.302152937180409	-0.207475279180018	0.27530957135801	-0.876164685668405
125	0.200457582558554	1.78978550882968	1.04578803620413	0.253789307860482
126	-1.39561784736644	-4.52804186705734	-1.0148679994012	-0.288986139557359
127	0.117820082054155	-2.27734677642305	-0.852407507193619	-1.29380217840251
128	-1.20037113906725	-4.10030660182994	-2.17115370089504	0.30876895195609
129	-0.639360200984796	-4.94122698843448	-0.914996032238212	0.167101307788208
130	0.00760653577894743	-0.144135511379707	-1.17962253580534	-0.335777272205587
131	0.0190215520876849	-2.47458531021935	-1.307764168428	0.0367829159313076
132	-1.16312792689257	-3.04799749120885	-0.25875836020747	-0.884531256218936
133	0.355453926572752	2.29853289769313	1.88297885726121	-0.00413048463261845
134	-0.300604897598752	1.70101296765727	0.128685598907977	0.796907505796471
135	-2.17206655866388	-5.98844257048122	-2.59421882187109	-0.639963488146192
136	0.702993220640577	-0.260963189370427	-0.320213141688493	-0.46485946890984
137	-0.620802163301502	-7.50765209854314	-2.58948028712083	-0.888969611586369
138	0.00201520735366945	-0.77416190932529	-0.972561497077813	0.714489154314129
139	-0.58469612584617	0.770877126014264	-0.170085511019361	0.01279395037258
140	-0.265135712428349	3.08486526795188	0.698657542637348	0.259301274118632
141	0.868017663009756	4.81966356308821	1.48652051811295	0.987498086087606
142	1.01224647934746	2.96776285172403	1.61372090797507	0.913685633088789
143	-0.0849219614486691	2.58863209982974	0.345875913714869	0.119427033042172
144	0.861845506451834	3.99252309820226	1.07610111998088	0.898282462567804
145	-0.383661039673479	-1.30615521306541	-1.67314315332883	-0.379966456681865
146	-1.09093776442453	-2.59480627870834	-0.988138162657152	-0.171053014529705
147	-0.652678733935105	-4.31956444417742	-2.5342332137078	-2.01646445290544
148	0.199877982332292	0.776684569628467	0.605108515623152	0.283883829074909
149	-0.793573662095195	-0.0403668719045949	0.582287555638858	0.0887089983219396
150	-0.924705682623561	-2.26048755937625	-1.17770397453497	0.406490915169827
151	0.515489964074292	-1.19423906678035	-0.775219098066373	-0.210612127724117
152	0.0373344225842009	-0.361108490891604	-0.253584722633995	0.386984099297904
153	0.0997192596323262	1.44792868271152	1.94421694083273	-0.124578733278189
154	1.30289717629717	2.57075371158235	0.635122387248904	0.605479925576735
155	-0.940751525523697	-4.4519662513244	-0.711448100997091	-0.0602523679686697
156	-0.314724467454451	-1.49755549549829	-0.985108489184258	-0.00422245545947304
157	-0.258483085063608	-4.170863417037	-0.162430210155253	0.0800005631782714
158	0.163412508250472	-0.720577471486514	-0.375964026448097	0.259998777935917
159	-1.30405350681369	-3.82553974264592	-1.27687451003249	-0.715735300953887
160	1.97321985029473	3.52949857298283	1.6659576813685	-0.265713887344609
161	-0.677702732659914	-2.92039758036429	-0.79343919195973	-0.20526560359352
162	-0.454371699655418	-0.808151431980371	-0.0186265698159538	0.325058124987287
163	1.19366794740392	1.51273565386393	0.929942855230735	-0.0279649198604693
164	0.318389956584791	3.6471375412638	1.1129632216122	0.0673877323132551
165	0.676091938333437	2.68536917700161	1.179350612348	0.340752783812798
166	-0.229303122053274	-0.576471171197739	0.0894001292748901	0.160739447936142
167	-0.135754201361474	3.81342550714947	1.08802983522489	-0.132458990069802
168	1.14976795037365	4.19951788172265	1.67707711773106	0.0796379840731287
169	0.637074148897525	0.628546218105343	0.876630759718299	-0.310762504140815
170	-0.482074005613513	1.73119180423366	0.831051429239615	-0.671893548969287
171	0.609733912328026	1.65645758611261	0.878106186223038	0.867942297417408
172	-0.285060267049	-1.48936583659248	-0.551096337957347	-0.0511577091867319
173	-0.186256870786674	0.370623826925417	-0.118253411957789	-0.199473600433438
174	1.03227823995145	3.91381978153008	1.45914569010372	-0.17903312625214
175	-0.260247348813141	-0.470837059620136	-0.193862077811763	-0.131958903938418
176	0.864077217326276	7.50143293910764	3.29128926784781	0.225884567917158
177	1.11389333798321	2.84857435413345	1.1153975508894	0.196048865240226
178	-0.083788616624612	-1.20095315009056	-0.659096345102649	0.285916011902732
179	0.269787646397694	0.830530075161025	1.31378180316452	-0.818763650148235
180	-0.837445224355627	-3.12827967578259	-0.620206182635264	-0.479381882661692
181	-0.784794896230151	-2.00595611093028	-1.07908947293736	-0.386694709342874
182	0.166267446687803	0.445312700021909	0.124942536301899	0.798168863691943
183	1.4967946311213	2.03866671230462	1.64319190215869	-0.654478807948115
184	-0.287918441401522	-4.14601405863866	-1.29855277774247	-0.498678979344519
185	-0.0988819594461621	-0.308293505514555	-0.261222781347578	-0.199730496255092
186	-0.576905944064173	-4.34290059250677	-1.91660515924042	-0.502594168011943
187	-0.330327831176722	-4.22872603197985	-1.85626196623421	-1.04731141682438
188	0.487252126166147	-0.828922804229546	-0.306334373292191	-0.055822498079924
189	-0.253702861667965	2.50644635316398	1.51147807424771	-0.475773192861586
190	-0.252625217187839	-1.07689767324259	-0.127923400613566	0.306607616231112
191	0.457518599051353	0.679227807720167	0.495593860694748	0.640184472817307
192	-0.387030725434232	-2.25566232003768	-0.45227566198126	-0.029175202752599
193	-1.17624586464221	-4.78776374800239	-1.56127693687944	0.197818413793907
194	0.218866414671652	-2.26111444803251	-0.742299295748533	-0.400302142639853
195	-0.401882503533733	-0.466120407504356	0.919905608046413	-0.101882457680564
196	-1.26620078356846	-1.57943200866723	-1.39915834564812	0.637210668502611
197	0.416756205066594	3.57714972331344	2.24555171250976	0.450227853461784
198	0.0145268065198163	0.792390306681902	0.58872760591349	-0.00623118725877392
199	-0.211471730090645	-1.50539473155433	0.375213485937191	-0.0923162629988789
200	-0.975448980148876	-6.63795103224039	-2.7879334609103	-0.46509515089767
201	-0.584513403515037	-2.88285032428925	-1.30296622631023	0.603413959290479
202	0.910966656598982	3.46657766405026	1.77389622851378	0.701449413968885
203	-0.0329403462790308	-1.27709535874994	-0.865455467146757	0.000407894344938153
204	0.805962072736617	4.77003342773395	1.26962041012625	1.24494752376645
205	0.399248470321274	-1.17271422987897	-0.835281000493379	-0.137238251330563
206	1.53979875719775	5.42687691350653	2.18265725806159	0.185465274968167
207	-1.01618953235333	-3.33592101378153	-1.28708153814358	0.0195103383082173
208	-0.629244129479179	-2.18555092727074	-1.0008429089205	0.118745353789256
209	-0.729733186000443	-1.64486729502917	-0.329299675266163	1.04872124861387
210	-0.538816408606159	-1.70684171843395	-0.395072354300628	-0.0148069211775097
211	0.63436300524176	-3.21746804752575	-1.2324682230938	0.0902037351728787
212	-0.174462086344964	-3.87268979869701	-1.32480255037097	-0.47250200983
213	0.737252172174753	4.16141819827682	2.09281328300865	-0.189191850504865
214	0.531549340229036	3.42209522605568	1.71013527456038	0.189259713634194
215	-0.553426413271547	-2.64114856164446	-1.73345088481619	0.223329692713776
216	-0.4976567456289	-2.67322792338693	-0.878126250870667	-0.450466682353987
217	-1.19325396759095	-1.96841856571467	-1.47774954322318	0.376551363820415
218	-0.400419165601359	-0.915320510486818	0.106961450240399	0.295803229966559
219	-0.161473078800213	1.81525468978665	0.187601014195835	0.389138687008818
220	-0.25409062691522	-3.12133476950551	-1.39930248721192	-0.209699032185188
221	-0.458913497913841	-1.70835056757661	-0.167317198277154	0.49587305064692
222	0.746041000662694	2.59560247208811	0.875955674600376	1.34432080156475
223	-0.36470577630348	0.411399543055517	1.15556585243161	-1.0971011074507
224	-0.508853966155337	1.49445795819327	0.000479882232530482	-0.39921055432013
225	0.559204957117386	4.10535275097953	1.74039391521862	0.684371934491865
226	0.476170982904802	0.567138604920409	1.1499294540564	-0.82425504369114
227	-0.249143413412229	-3.34523541375785	-0.264639089177062	0.681448827080642
228	1.44133967901447	6.7203244314542	3.60048411656651	0.99567613460309
229	-0.164354068274499	0.356474484770285	-0.650938109223538	0.0745168352678907
230	0.910299806404225	-0.294493215403118	-0.578877929238704	-0.011614994021293
231	-0.447374464382968	-2.55901277244042	-0.716707593321371	-0.184331585339539
232	1.03444874505168	5.04541347205762	1.99638360075245	0.960237977714726
233	-0.769705141107584	0.483683936529189	0.0604785834296988	0.698219464420617
234	-0.0115266722143066	0.705711911612559	0.275390982181234	-0.352020952907882
235	-2.31992783235785	-10.8718629150839	-3.8106276902657	-0.691039538333236
236	0.799101197921897	5.03534851963823	2.17689827463845	0.703985667244283
237	0.551442202495268	3.68017017249393	0.829958255291492	-0.479960093750697
238	-0.868138757253165	-2.25686125726348	-0.790655777186225	0.34350386514715
239	0.599593407609769	2.02130618191104	0.999845895164648	-0.189050820950197
240	0.0605407389581444	-0.0521897725826364	0.210703174198887	-0.0364031088737629
241	-1.2832143458326	-2.86272437495031	-1.0848586402811	-0.220406330707589
242	1.02711366605346	0.694301988236436	0.977335896788354	-0.837927775830774
243	1.5648079459964	8.61760146932895	3.29598410168479	1.19063210841452
244	0.240567521169369	2.03314952274648	1.32771494928248	0.364310989376481
245	-0.6287253051419	-3.83707274428511	-1.23065878798914	-0.216460335604314
246	-0.0651712535623836	1.19941563072981	0.267690170868342	-0.795965039541172
247	-0.754459178708633	-6.04154209949448	-2.42445772434078	-0.16022365539749
248	1.17027749134549	4.74318304409956	1.75364051977793	0.202799666444445
249	0.587187197982263	0.632764163251314	0.901898900425077	0.0950711922615779
250	0.85904301025634	4.15101229052943	2.11772142592336	-0.310580962542112
251	-0.537324445118739	-0.0132589781593486	1.4480103338939	0.0214284262031191
252	0.573199713993138	3.90320357285622	1.33120006414367	0.844499612291848
253	-1.00438650190676	-4.701565419806	-2.35946566806083	-0.232654197945904
254	-0.322522964943638	-5.03594522036968	-1.80513877171845	-1.15722326081425
255	0.805978407833673	2.60377288377485	1.83927933801049	0.106888940481443
256	0.911680408906135	3.30682721041943	0.886020465650586	0.232375251640624
257	-0.763631267504956	-0.587752915277941	-0.349253519502107	-0.0780701694862202
258	0.209721656486696	-0.835853917080701	-1.82595744330268	0.137130587081656
259	-0.294278414843228	-0.98511006279574	-0.846722605858002	0.514839606182409
260	0.592348299761562	3.04442853055538	1.90240235775386	0.608694887398426
261	0.500671571811141	3.5821064721708	1.57852601728148	0.39007736893534
262	-0.281814549174448	0.0347255468465395	-0.252655983955995	0.172213064033227
263	-0.0578383510863716	0.341189588971745	0.244167818113952	0.995241564947847
264	2.00094691142485	4.61001299185222	0.644206130796257	0.2220656358804
265	-0.500111243817821	-3.8568282131706	-1.69726262165232	-0.416613540962683
266	0.5534836241389	1.31992379600924	0.131683119292041	0.0757707308457526
267	-0.133322486335018	-0.590451116055864	-0.684692850927377	-0.878923127154207
268	-0.205896441569821	0.527292400643461	-1.03828272963286	-0.0979326327005837
269	0.137737210215121	-3.08734834894777	-1.72553806200738	-0.471386183539937
270	-1.08079804089579	-4.08516048844827	-1.96335726446617	0.0371863506583272
271	0.334968699260636	-1.12520712487692	-0.69746269293992	-0.360939015295865
272	-1.35624327520057	-4.23369820979506	-0.871450316694833	-0.492069694099014
273	0.658501425940705	4.11392442506546	1.55225730772074	0.29592804341307
274	-1.0016447041748	-2.38727784911539	-1.6457813101214	-0.121664643547309
275	-0.0969463271188866	-0.703580556777032	-0.762758635655208	-0.538009771030022
276	1.38485100249537	3.45919555125541	1.25649064585059	0.183280383383684
277	-0.558038565247392	-4.88197130067321	-2.36682838123562	-0.659113675438845
278	-0.459483049825533	-6.50620130353024	-3.28335712830842	0.166579712321525
279	1.05509821397629	1.94207237758497	1.18348476142862	0.43396438554486
280	-0.0853916477314014	1.13258717991558	0.508707561585743	0.779081797068239
281	0.214009064104275	0.852769967942383	0.819149415450539	0.320033253675193
282	1.00669834606671	0.512101792820445	-0.331162340202934	-0.207649767244186
283	0.426695609116905	2.92723120978223	1.56064282386329	-0.356895081601741
284	-0.869485281115989	-2.63960645128193	-1.18301629220982	-0.376040648081768
285	0.24403992224324	0.0282491469381143	0.137894042854723	0.426620718132576
286	-0.143635926175984	-0.195325208504331	-0.407889369708152	-0.648365785019407
287	0.352341549524637	1.017412571983	0.387330196625994	0.583895329397015
288	0.954386094410631	4.15161518352285	1.20514878831613	0.447126706797737
289	-0.354860438443148	-2.83536516800103	-0.706646875208091	-0.731911323953837
290	0.272719565129642	0.124882568893781	0.139710818383612	0.507207526300454
291	0.530002055230319	3.93911477032722	2.06781264797226	0.6023794873321
292	-0.764643315037129	-3.44915739757721	-0.74191998769546	0.0379687942344494
293	0.32441471844395	-0.232128381993659	0.341763015301729	0.903526301372872
294	-0.114550559865269	1.82451327564683	-0.142974155533702	0.650609849663815
295	-0.416403834678569	-5.09046788352001	-2.28067900119941	-0.939912360664937
296	-0.781901701653863	-5.54440103635378	-2.11123750149694	-0.0982828250460698
297	0.82322322388744	0.332488461822864	-0.274895786683643	-0.594586244431624
298	-0.431984204440609	-2.13843658557239	-0.290972349991253	-0.0674608084274708
299	-0.0790507069287256	-2.04822261938914	-0.261147363463053	-0.108697018425979
300	0.0806498451008846	1.48084325564525	0.204868546736835	0.185264894879543
301	-0.483561063064659	0.292568133378249	0.209741718377618	-0.29316141634131
302	-0.516474959110937	-2.5590860284384	-1.62848525192478	0.331359244156848
303	0.0983780811496682	1.38426851026861	0.472922096716794	-0.0969508346098402
304	0.119070586005605	-1.88377103297785	-0.987798454521457	-0.804386945034076
305	-2.6385458171789	-7.97035553844563	-3.59256196490535	-0.568334931926656
306	1.60798459952922	5.9052218227001	1.51840445539652	-0.656743145144632
307	0.806702347070255	2.54401572143909	1.00549302919976	0.33074089050155
308	0.111369193348052	0.574871002378988	-0.287651195059683	-0.999816780378972
309	-1.27536214226388	-0.642184699225322	-0.429548635289656	0.74810027034504
310	0.882273008588563	6.15149110735074	0.779896757998134	1.29550957355285
311	-0.323383884440137	-2.1646805677959	-0.0716586689679464	0.593678436048074
312	-0.152375878097964	-2.97079949967613	-1.66870209248652	0.308972999483736
313	1.00439519778509	3.52219524952259	1.5832832979709	0.996235922393612
314	-0.045873991359357	-0.362964195652643	-0.800803833218001	0.535510847509977
315	0.759012450123569	4.14628430171689	2.09833073126868	-0.206036479759907
316	0.113239054612393	0.490597293177821	1.12698845873056	-0.313159273843131
317	0.414283588437559	-1.44959034567229	-1.48444919064059	0.214971148725823
318	-0.498850428134373	-0.33413015578197	0.0305228612245248	0.115764647385231
319	-0.360720694378592	1.4758470793723	0.419537617900484	0.282249141728467
320	0.746548726819188	5.64529026334604	1.28628753090975	0.473545013243282
321	-0.892891206972387	-0.929615973062714	0.00419141698812142	-0.280536617835003
322	0.289585831262373	-0.248561784907054	0.885512479016005	0.183501160525116
323	0.966372433103807	3.41270996981022	0.714513719414815	0.377444872613851
324	-0.00327903179392175	3.26536304501098	1.30104956110388	-0.336696848833803
325	0.585478312171137	5.7437379006029	2.70897321067872	0.940796994359653
326	-0.829891784077802	-2.75838115551296	-0.954219390274357	-0.848340496263921
327	-0.946743373828692	0.425346243107322	-0.523401920536381	0.370572360678596
328	-0.261786628290899	-0.525570801470995	-0.0910790620174962	-0.0331601083317929
329	-1.74978729025261	-5.35023065506725	-1.51571154093614	-0.236512027026175
330	-0.651669785178558	-0.395544442285164	-0.724904554871863	0.359872869270929
331	0.31632415781885	0.28157277733139	0.420332580851814	0.531727816155688
332	0.200799235872506	1.50616300736754	0.836665087353065	0.161062826239554
333	1.02745831125267	2.47402174975744	1.12185516530261	1.13698026124668
334	1.01561980799028	0.326642288469478	-0.279823517357052	0.751998783633418
335	-1.10215585562352	-4.69754757512996	-1.30308960179454	-0.0743299531062862
336	1.35066558939321	8.6809647904576	2.88055750312117	0.663894250347158
337	0.0329234929533162	0.867468609837884	-0.377814311998446	-0.558013730377764
338	0.0618934980227586	0.200614225782223	-1.18914764357826	-0.50580449451082
339	-0.198871459337398	1.27273360694504	0.926183334050601	0.233761741396882
340	-0.327927132510122	-3.18498145170021	-1.29794557669403	-0.568806534941917
341	-0.175021524062902	-2.34281483733315	-0.250137828844254	-0.230966702795054
342	-1.39258476285551	-5.57268443507489	-2.44396864426681	-0.89169441670254
343	-0.457639026905968	-2.25836072882157	-0.441198075236324	-0.511449435367238
344	-0.511887637973685	-3.23318875470144	-1.18768275775827	-0.411978604428657
345	0.198788613373272	2.75883887894274	0.58070476955173	0.0427761640026442
346	0.00859141702467603	0.691839209759937	-0.0094418337718174	-0.618192632979493
347	-0.241241324055188	-0.922347621915566	-0.12889299082105	0.198726425036494
348	0.507150962704247	6.87888453396769	2.29361150542325	0.736627161208913
349	0.297743038942238	5.08470050084254	2.67644860196982	0.743814060546632
350	-0.36885434404269	0.0327105164844337	-0.471286347562595	0.0967095553298294
351	-0.429946537956197	1.76241113347096	0.743706531271604	0.0687301582550162
352	-2.96405101454052	-11.4265114283371	-4.75361144025389	-1.84348301129957
353	-0.13263746378948	-1.66582994084822	-1.11679046222435	-0.785344152250676
354	0.424942775421225	1.08582284171669	0.570317041436942	0.348263403990253
355	0.068411447848164	-1.72367950189492	0.186884662279615	-0.179356813642385
356	0.393922722374497	0.64224312651594	0.664236217445632	0.359413691224
357	-0.20771866929223	-1.03324428643701	-1.03505410621605	-0.225188768723405
358	-1.67835640817089	-4.6907053522225	-1.84676655144623	-0.313606805622571
359	-0.126577304211984	0.746417301702522	0.703449423669022	0.336970753006984
360	-0.585699423627291	-0.785190299196953	-0.807851493240015	-0.0723714010943191
361	-0.465303141371176	-4.26719054938451	-2.68553889349361	-0.987477037437642
362	-0.298713920113879	0.769369789671357	0.508850750644057	0.163766765994373
363	-0.0340711847544406	1.23440182024283	0.477662149675983	0.423964010765317
364	0.873919867141163	7.77641759795063	2.80106133264833	0.365344087365324
365	0.209000386545237	3.2313437052397	1.18068348059951	0.137956519317883
366	0.488341038912409	1.39043723489515	0.406151707110254	1.19996440876249
367	-1.31657794352399	-0.0116094260054069	-1.08238925532815	-0.46769873113751
368	0.439328182319964	0.786945726299594	-0.0508074134130163	-0.00351016074812044
369	-0.0629102114307756	-1.41952223074192	-1.11868509144491	-0.0100958008734803
370	-0.546407046994473	-4.66380756865515	-1.46501625969067	-0.794258274602274
371	-0.527973952947131	1.61486666977899	0.331333596381177	0.302276428313644
372	-0.499747529093684	0.60558963206774	-0.337761566242749	0.454089382566327
373	-0.53550750566449	0.775655739090475	0.10932277451878	0.408930923750402
374	-0.149063625083647	0.107157046320019	0.140711122457694	0.10294990694626
375	0.0337501012946315	2.37874576637995	0.678501730263925	0.337614510836876
376	0.44738947642491	1.93370990113557	0.0960628079537067	-0.634731137709581
377	-0.0463289966908758	-0.14425253157227	-0.305017896311304	-0.271909036585563
378	-1.09653659117535	-4.68251552489531	-2.69449299693032	-0.917746380408707
379	-1.35887395336621	-4.81376915321746	-1.90611279614617	-0.251847930640607
380	-1.31067727213321	-6.1982061986499	-2.52290405640129	-0.385695077614264
381	-0.149967176098257	1.56403788389458	0.343776314440388	0.26782846584202
382	0.127010446054072	4.04644158206737	0.340784787687693	0.809528402843187
383	0.886004102944599	2.35514335797446	1.06089389705765	-0.0369351244945731
384	-1.03057832269238	-3.58648793637753	-2.41453356710173	-1.15697780479841
385	-0.204702943609244	0.131201240113479	-0.359019939393827	-0.452440145776017
386	-0.867242959623788	-5.09186638732116	-2.21055851179816	0.0959514866096652
387	-0.403536850808065	0.473086021876258	-0.0846310664061516	0.542493393500908
388	-0.994298472096766	-2.85719586795251	-0.327331310518612	-0.280653859425367
389	-1.64954263679692	-7.71891240628312	-3.79631703570915	0.458881251326808
390	-1.37458249044316	-2.34004292619163	-1.39522272495362	0.885349034573982
391	-2.04127722749162	-2.977512774438	-0.770590554892045	-0.077103931917559
392	1.01291172314522	1.92214107651544	0.865438046320637	0.181041869658584
393	-0.396417689512935	-0.622342478538716	-0.503873713561991	-0.410499768272498
394	1.19335233195904	5.10753384562382	1.87473563670069	0.690245992189045
395	0.686975514859499	0.769773170491724	1.00253820009244	-0.147074718472055
396	-0.798504521585728	-0.810517228200266	-0.0441203110132915	0.631850708682773
397	-0.0126626795885012	-0.23632115798057	0.271321818614331	-0.253708499732415
398	0.492659007968112	3.51040800066918	1.14137632548428	0.341791976630774
399	-0.829015057568454	-0.636377909424051	-0.0928711305480687	-0.660797696478221
400	0.397783280751269	-0.702606491684891	-0.652658778705124	0.491787428523713
401	0.321140755282426	-0.560027438435853	0.808585579759605	-0.212556340646926
402	0.900842678081603	2.67413911254151	1.94829379760925	0.108192105751655
403	-1.63202387296479	-5.35937710435952	-1.60865821437634	0.0351109930453077
404	1.33580340305357	7.82007320845026	3.75681157999564	1.12231712039709
405	-1.1567460885142	-4.39669782819573	-1.30532648099586	-0.722100776645608
406	0.680704273553169	6.80117921487688	3.04011117089847	0.752387647952864
407	0.221014776538518	0.577417623019163	0.829331835706948	-0.132687285161635
408	2.71203858400443	6.39269777890252	3.29975458892249	1.13449879925546
409	-0.502326912286274	-2.11629872818094	-0.829802228951151	-0.103148369419944
410	-1.2470901976581	-8.8897977223557	-2.79268690446653	-1.77234552236838
411	1.32065518865153	3.40449855204053	1.06941064350351	-0.449621568143968
412	0.239718721134545	0.0276814569493302	0.811079300009607	0.921680118142952
413	-0.138786166505763	3.12033481761455	1.16580348075988	-0.715365102828196
414	-0.270960489636254	-4.05905191286359	-1.14757651547055	-0.475919605105922
415	0.884195513163631	3.33016883974482	1.06630892268808	0.133763474359832
416	1.1350805761085	10.5962619970794	3.83024318348256	1.87072335208913
417	-0.215010680496304	1.46249671223987	0.308602316514435	0.313520652401435
418	0.790725380376328	1.39775185403	0.268211067481309	0.178861468145376
419	0.248773173206886	-1.68341817094204	-0.583932296877812	-0.269715413024234
420	1.46306711144268	1.39146270487665	1.18568430541344	1.11365983309668
421	-0.744344176654724	0.870705980839173	-0.450246701513576	-0.705973107590008
422	-0.0203106408577947	5.00795792336221	1.80958990629055	0.413543190052336
423	1.22620399493496	2.3230265647478	0.329076376012393	-0.195366629832145
424	0.638437803446894	0.228426105667509	0.0465153004443337	-0.28928180812353
425	1.08573020824384	5.47598918299982	1.32176816502473	0.687712854450563
426	0.500551759610173	1.45118854313125	-0.738733448950605	-0.417188017919121
427	0.0617098600906694	3.12744765087904	1.63531131989594	0.390832538535907
428	0.939822414840592	4.36305908560503	0.63446668812985	0.523013466357043
429	0.825708643355619	3.29318505500604	0.971551747265961	-0.0971665469854341
430	-0.494830484399446	-4.22605105187427	-0.0765785146564237	0.261488792260561
431	-1.43374376413043	-4.25572447430928	-1.22819662886382	0.168914734812997
432	-0.123536685102202	0.27911857773004	1.1349129467586	0.765720556635565
433	-0.317990164285491	-4.43872638286165	-0.900568098583583	-0.642079597325827
434	0.144129298676525	1.50132351799972	0.316610632088722	-0.103439529547293
435	0.709149060917644	1.54095922069813	1.27042986423034	0.129540549354663
436	-0.0616760732339263	-1.41395046121343	-1.18047952275199	-0.00656328460175584
437	-0.184991079064052	1.33978986634336	0.215957138087613	0.0574797356428785
438	0.191505967431858	0.277105540479288	0.182006730287722	0.77438082377129
439	0.738221133384999	5.82237215750532	2.80660061400819	0.678098705554017
440	-0.643677192440744	-3.14943353161729	-2.17445239951828	-1.27596908689809
441	-0.0645131219705974	-0.0787144163315068	-0.147513539721964	0.430671486660424
442	0.0201258584764599	2.64833691007225	1.22282438230841	0.195910290249133
443	-0.262795747969136	-0.644623009416354	-0.323287401645658	0.587461054517164
444	0.666368642015987	0.156416011546178	0.295873075178431	0.3054332458586
445	-0.268445732633335	-1.96275879715642	-1.60655136529557	-0.664318766904823
446	-1.04871854519489	-4.58030904572989	-2.45483922970912	-0.685768243352378
447	-0.15034603170976	0.851719310387387	0.0979781564312994	-0.206164938260736
448	-0.172444282013945	-4.46884332495017	-1.15101358704055	-0.433257285038648
449	0.933247192847726	2.65890597173798	0.978963719211748	0.718020865851616
450	-0.0571392204305785	0.493493128413612	-0.0755604832185503	-0.282150843836503
451	-0.276620543829879	0.328583416199673	0.536205308209055	-0.948193196772638
452	0.267705091597941	-1.95424222191361	-1.34264547068856	0.00477021948587514
453	-1.61511505454347	-5.5708224935605	-2.70548783058455	0.0369259005882123
454	-0.334550849573693	-1.95490248059344	-0.54248857716032	-0.959727533408298
455	-0.385270042672942	-2.27063643968513	-0.603892373432774	0.372746775273554
456	-0.759170263171783	-4.57266018112981	-1.84797744027468	-0.0601544634343245
457	-0.374853594099213	-1.52226687078344	-0.17990915139082	-0.252947157153423
458	0.858600384872533	6.47633797186805	1.05907023598939	0.656643430400907
459	-1.07375123359815	-2.32409111232918	-1.22964908219921	0.229448617907607
460	0.32554463677872	-1.94890466521763	-0.399941432578951	-0.00362274385280925
461	0.195136878583431	5.13753646090954	1.21966348421055	0.791222914168993
462	-0.0759387530579633	1.07986116357336	1.20819755907137	0.423610510248626
463	0.89921679642579	-2.0884752876669	-1.06363359319369	-0.826588409855161
464	0.294988260912616	0.779586324962395	0.84517498012837	0.337761271968047
465	0.0880998815194539	1.84331087060972	-0.532490025728737	-0.248259341655038
466	0.521108113113535	1.55805073688672	-1.08984443739113	1.1258379641246
467	-1.40338075889638	-2.82715093319725	-0.996633253403823	0.288347981794469
468	0.138100643893792	0.413764127578597	0.666680642794503	-1.20764571749661
469	0.494377832289832	-0.0116669100461209	0.015361604998995	0.115198807516972
470	0.618500434005502	2.61026758693118	0.854764050301473	-0.239739067427661
471	-0.102077597843838	2.81453491935829	0.429175050139612	0.636657106029275
472	-0.0423743434782322	0.577126775447955	0.364492805816951	-0.514572096236387
473	1.65478287535827	7.90272838119346	3.42597623930122	0.799282020202189
474	-0.730964953305073	-1.32045496931984	-0.671423604562048	0.0767686748841837
475	0.0406527683680125	-1.21337288479587	-0.388473966641328	0.243941947082822
476	0.455204024238461	3.44744278414006	0.757043858288699	-0.281005719216907
477	-0.470670494453832	-3.2753973622385	-1.24398876534271	-0.193220963383316
478	2.46932332373694	5.35586331389861	2.71346260401956	1.06195530058665
479	0.0629306895560662	0.0857910200547991	0.0358090173838423	-0.84887444730976
480	-0.485437648849885	-4.30397254389537	-2.19588409637808	-0.3523188067918
481	1.00105713021109	1.16896717370977	0.85512483845956	0.705881301440019
482	1.30818158915462	7.30061056140555	2.78039724405143	0.847261659961477
483	-0.949592422672837	-1.54408858876898	-1.37540503362677	0.248323705655632
484	0.379807447434768	1.40247941115596	0.909534719266769	-0.148275937081406
485	-1.02777932329028	-3.02259822144624	-1.55585121203567	0.364776978077061
486	-0.541737508229492	1.88568370414689	0.614574723385287	0.202201041297204
487	-0.515631776773459	-3.99706205337531	-1.08745405025872	-1.24068413222957
488	0.173740036106617	3.54822567870344	1.34434808611697	0.518764162755745
489	0.402132560461702	1.04898874749338	0.837083378272831	0.521264724277286
490	-0.129763692949584	2.86988096574602	0.95818739708376	0.651037923602927
491	-0.892152235778146	-3.16039709125658	-1.51005584890949	-0.204229185855835
492	-0.688613830267405	-0.207741146073367	-0.247838224756123	0.521833303613082
493	-1.08842752662083	-5.09113580920517	-2.52910468318059	-0.814436259139417
494	0.0827244300404824	-2.07074459099518	0.119365740971345	-0.912037840255979
495	-0.0967864125201726	-5.2314960661713	-1.63240847392227	-0.158510081877559
496	-0.094362076429418	0.444377572606027	0.754212843851758	-0.0228760742273644
497	-0.93948702790153	-4.3425481338765	-1.69301736280892	-0.312514877559486
498	-1.21572817000592	-2.21661139578686	-1.39063571576305	0.0585224035511726
499	1.39403402376296	3.26197163113898	1.58380546465849	0.0820706888673246
500	0.00650915715601164	-0.192203653694603	-0.397481072550412	-0.0124274188214648
501	-0.536940926857386	-0.578946809297406	-0.329117721645639	-1.09674360049332
502	-1.06348732793871	-5.82946180938489	-2.4176762890469	-0.35338787746063
503	0.645019763795277	3.52316257293742	0.864098290271253	0.384974274318149
504	-1.33531288896395	-4.12376517436612	-1.41257042662057	-0.768740828896186
505	-0.648663815427139	1.10379424281408	0.893821425253592	0.61793877467395
506	-0.819154135388415	-2.2600292012784	-0.320671511373128	-0.179736209233893
507	0.20646007935122	0.931614562086148	1.06924729678741	0.0293834999026157
508	0.89652735708655	0.462795635218291	1.0900751496949	-0.172962904229488
509	-0.628610209685537	-3.79481933876886	-1.61317031675387	-0.268677847088366
510	0.568070603603205	2.5090602282717	1.56109466728749	0.495594416613255
511	0.258914273399011	2.70509570887669	1.25979211539076	-0.152942176544778
512	-1.18358440016557	-2.40880540425613	0.120263919426302	0.21867466499634
513	-0.632827970095881	-2.17412497153067	-0.593511575756411	0.167164520085586
514	0.716461715648723	1.28673036547751	-0.456249990521572	0.579241489152707
515	0.227310906627653	1.54176109224228	0.94176339580368	0.488858357364725
516	-1.3936019492237	-4.19944850607235	-1.2831936509595	-0.319833878573286
517	-1.54125514804034	-2.23621632584258	0.493415899029737	0.98564339337019
518	0.829732540678678	4.02106389863937	2.20425314865982	1.19869729966671
519	-1.76353326077418	-7.11473231028209	-3.10662916581614	-0.638039245354932
520	-0.120479536619941	-1.16654757474638	-0.537718191381691	0.299888406805785
521	0.505515408936432	1.55218969471941	0.706788194844743	0.565060906177258
522	0.591979252933122	-0.694086739445147	-0.601085610385223	0.106344963901143
523	-0.0510593088846845	-5.39903484019411	-2.15985522654104	0.0393835787533345
524	0.0728736701617749	1.42781970441966	0.760998487146328	0.675178540495731
525	0.386945455379067	4.08417134415478	1.5504209410761	0.435031150772746
526	-0.810817164274515	-4.50963366097841	-1.58476401176702	-1.46439687219854
527	1.42679943494178	2.78992748658862	0.564257017350573	-0.211856997418311
528	-0.849345533613419	-5.44777681295941	-1.29297209044544	-0.211146812378216
529	0.857313006787474	1.28910952377512	-0.621392049898971	-0.0854755015124025
530	0.591145704909328	2.25152782674303	0.292172825457496	0.823142123043474
531	0.520617301262577	5.21704895485381	1.63086374781786	0.985445185299091
532	-0.729357413277781	0.314832948788633	0.308479263875368	-0.365416395775466
533	-1.23703192520719	-2.31433531788231	-1.36754284930985	-0.327638863979069
534	-0.0057308642300542	0.455065099357033	-0.834647196723299	0.60259089242608
535	0.502893768318897	-2.41775447499965	-0.394489166329837	-0.838303808606293
536	0.424371743352371	-1.28284613196206	-1.24604478590412	0.519512201385629
537	-1.30337774319153	-3.86322866852364	-1.03066246855452	-0.576475565344308
538	0.542278627945752	1.84290605300059	1.12069536172252	-0.230748871195412
539	-0.0558404120517055	1.16369892262051	0.664098847805213	0.239911706423404
540	-1.05179571701632	1.31714665146748	0.320127178114353	0.561749517330834
541	-0.157469438030859	-3.56161544658023	-1.49643464760287	-0.14714799927987
542	0.099326095806378	-2.18097017900308	-0.323929432336449	-1.03872239474354
543	-0.0625014737308129	0.0799727442160867	0.166158039950782	0.0656881123238408
544	1.2565830881798	5.19304342386193	2.40217653651783	1.10624543161669
545	0.325613243230278	-3.12848607978175	-0.262894314690751	0.00287722625851045
546	0.84119240063997	3.18320825372893	1.70572507452111	0.135132080443849
547	0.370983966819038	-0.850114335743562	-0.781756485168051	0.488416802011558
548	0.799731302523229	0.530456227399591	-0.232213252718441	0.374493575348621
549	0.286367565217452	-1.06750824212635	0.105275872657329	-0.142312656136967
550	-0.421876485221744	-1.10910143063789	-0.737219623264099	-1.52298841756127
551	-0.170523927809871	2.12478739927328	0.804381040040139	0.218939362318205
552	-0.128451268180315	0.307157399985962	-0.261129164272847	0.083480745394836
553	0.858033341370817	3.78289649831608	1.45850818617742	0.404280250327562
554	-0.0878998283426984	0.634687146519862	-0.0763713527308656	-0.139671286210508
555	-0.0179301569223292	3.65811539630654	0.897085523364331	-0.722019179518467
556	-0.165358118990252	-0.0337164790247817	-0.0963818949016335	0.203345316553527
557	-1.74586503903545	-9.84075090010836	-3.89364167667156	-1.2320543268202
558	1.528965631632	4.89039208813777	1.59431652149878	0.580749314231172
559	-0.712000443268279	-0.0343248906192317	0.342105528412336	-0.656394039266626
560	0.684634459075523	3.3388552003368	0.37770678882674	-0.0920153830511245
561	-0.515999073418523	-3.59725141968288	-0.968050024521395	-0.359709778048853
562	-1.40587594411133	-5.23477901548774	-2.06613342034792	-0.0786361620027195
563	-0.620711928210286	-3.738342935251	-0.843892744965292	0.064707935245065
564	0.636650470051621	4.64692305961349	0.479197833705656	0.685641408772245
565	1.11326442445287	3.28294517037661	1.29122280743145	0.904681347394461
566	-0.788704111341987	-4.78262726264093	-1.95505701752487	-0.436311748019071
567	0.308965001355381	2.73193354989355	1.96784037427195	0.350115971446026
568	-0.886504547268423	-0.651120292450449	-0.6307302064077	-0.457789700863261
569	1.05919075821435	-0.920734165916136	0.0674688213888746	0.333075602745369
570	0.114003875026447	3.01596047653203	2.28773242948048	-0.0735512616018907
571	1.89093355898912	8.83173691592553	3.13540760481636	0.543716140607957
572	0.40802764415339	1.74360785446223	0.0818801953539734	-0.0324024435962503
573	1.93338435640274	4.96212336188298	1.48855736590243	0.135531820000175
574	0.404021223337648	4.57492573008666	1.53984228688236	0.729891937576835
575	-0.571888709001423	-2.77063575799605	-0.901186763915363	0.41318050368402
576	1.0424630725396	4.24720164470593	1.46814635836696	0.234580894729598
577	0.517998821969874	-1.43900931756682	0.139426689353832	-0.494208865324184
578	0.531920821044924	1.31202127056186	-0.161349145201703	0.671153747996531
579	-0.391872377580147	0.288183260190358	-0.0340293667804819	-0.558035813666505
580	-0.21186177296235	0.00139470610346315	0.249126584732755	-0.515892768864621
581	1.13459523632743	3.13847719042305	1.98040383956251	-0.0485733614971587
582	-0.584230440405392	-0.0851703929002827	0.886925808155484	0.575747064087022
583	0.26322627629324	1.03326136547914	1.04580310575796	0.334534570872218
584	-0.374294161163972	-1.37218097433252	-0.11569237111092	0.287235825490371
585	-1.18955401643132	-7.01658184255744	-2.47518735759773	-0.267149811395137
586	-0.104748337246964	-0.447757974618166	0.148648401494265	-0.0331211225919407
587	-0.691654403348572	-3.38803442738247	-2.45852079507794	-0.681659186818558
588	0.0616401588329557	0.967083238806667	0.561491266999712	0.375831214419932
589	0.0253389681170975	3.86315314039892	2.5254556020636	0.787628982883303
590	0.0121293023033917	-1.39430139832532	-0.76881849519171	-0.911107688860618
591	-0.793559267771581	0.666026235185056	-0.0652823590903526	-0.18253429386771
592	-0.821501019931089	-3.14694323411004	-0.636352884043719	-0.499871359980439
593	-0.989847423642841	-2.16686671213376	-0.344761704466089	0.569142517434559
594	-0.173643606771899	-3.32903554994041	-0.96343254280717	-0.985130944846115
595	-1.51483636478238	-7.68806975594309	-2.36279053361472	0.459242481361067
596	-0.380221334912844	-1.8487360865593	-1.53180295763868	0.318497647319094
597	-0.642074833472786	-3.25091358689362	-1.60447211344012	-0.370598601538822
598	-0.938045762897688	-3.37462431702714	-0.848832578636803	0.151958825193957
599	-0.97741553698287	-5.97244855143807	-2.8236668126528	-0.92054063572478
600	1.12153339987638	1.5969449465228	1.58564791169283	1.19063504973627
601	-1.694855203314	-7.18498486989657	-2.71821622262164	0.0974817289890866
602	-0.571526178982718	1.33810188064635	0.579846009656539	0.259541186997483
603	0.0891805370465475	0.480246241214545	-0.355061284040945	0.285553755816194
604	-0.737127225813668	-4.36680107942696	-1.39346348051	-0.0865301073521851
605	-1.48808341323023	-2.36619164885199	-1.59999681663507	-1.247253960794
606	0.159565988896004	-1.0982880285763	0.137620696533967	-0.732027158700392
607	-0.0208887544552079	-0.99820975772878	-0.629451621212805	0.010154176208111
608	0.130595596908171	1.44852676714924	0.809121404153172	0.883662622393752
609	0.0298659210172421	0.0649155538634449	-0.323018158089981	-0.120299198730707
610	-0.49035123254638	-1.04216570762546	-0.299880865018175	-0.827688212608798
611	-0.225940544308676	0.537665284059514	0.264108270523192	0.0402671227491054
612	0.830399896068758	5.50321818227642	1.90108055443983	0.829009912917973
613	-0.101819311597033	-0.169030630397222	-0.31183185078364	-0.476289521073485
614	0.75285260441236	-0.462102348996323	-0.969495312507525	0.576405653721441
615	0.00601770175067085	-0.120938105067737	0.419578168443599	-0.163273341727201
616	-0.701313944249006	-2.82736280439301	-0.745282521213462	-0.245226276902086
617	0.378290617430117	6.1603570778687	2.61773080481816	0.341108298869386
618	0.717108704297989	0.799021992554336	0.112889602029839	-0.295807684207204
619	-1.65130980076177	-4.86189136444346	-1.21120120612582	-0.116163945058206
620	-1.18332822131271	-5.88926493785041	-2.49596819058952	-1.32280452339317
621	0.137831400759875	-0.678679292180407	0.667434374806686	0.265431211017063
622	0.530930163689941	3.98666171092781	1.31506424464397	0.543000418771124
623	0.575726907079875	-1.13281538994633	-0.915000335935521	-0.650495925713957
624	1.2648702936949	2.56449875986383	1.76981265563224	-0.0191773055056023
625	-0.200106823136646	-2.79028997334953	-1.02856069561242	-0.0397304033327454
626	0.390530861232269	-0.492091100180151	-0.0224762964336311	-0.355137812519181
627	-1.02820084428024	0.0868585908806963	0.959429505914513	-0.671904906029785
628	-0.917137367548209	-0.0276478530393884	-0.461278529227846	0.326592563238397
629	0.106222926280904	-1.41795994826577	-0.793912602468394	-1.04443258677941
630	-0.803938370434218	-1.63166834070924	-0.901632349780291	-0.138364715746154
631	-0.0438610201474634	2.01859422108926	2.02797154469154	0.0277659894449071
632	-0.310163405061618	0.493901204419978	0.573494358148731	0.609772965427959
633	-0.74172352451024	-2.50043459469542	-1.92681802053317	0.244030343127297
634	-0.557583967588494	3.159029298611	0.975865741935303	0.97018103676707
635	-0.637046636300334	-1.43046173615226	0.362391524072569	-0.604433044618007
636	0.17867720902883	-1.30164970424653	-1.57030081151101	-0.0983513715064676
637	0.618851502048798	1.24828188038363	0.765372679676093	0.716925070082815
638	-0.115243640603304	-1.88845051883414	-1.3159479920538	0.0400847664651724
639	-0.295326807298218	-1.76110388535234	-0.33554277808187	-0.208849224017607
640	0.694223158522689	2.45779617335182	0.822766316386754	-0.471215109096496
641	-1.66469503587485	-6.41553275216976	-2.51037912352901	-0.936471724512332
642	0.820486531570471	3.7668443817272	2.68511264045545	-0.159200627796842
643	0.408276923590312	0.538614189023539	-0.234767823952039	0.400310999865073
644	0.144020774130057	0.496381715532957	-0.183884542045396	-0.592169186046948
645	-1.50071763175673	-3.30260448796596	-0.413750067902946	0.197271510334937
646	-0.504437803343167	-1.23493020428358	0.166872468845491	-0.254970018176512
647	0.787967110725599	2.86466719398133	0.926122935188488	0.48945082315068
648	-0.551784397976864	-1.70967450654051	-0.708758946833422	-0.0176698467912031
649	0.80331331037158	1.18961409681747	0.265616557669206	0.0262530457202218
650	0.638565396069693	5.75767368764324	2.28883167232795	1.08289589550035
651	0.54445895453111	-0.384721034286246	-0.156434192538467	0.177276661732841
652	0.674517305295977	2.59115638568738	1.62429415737591	0.350821101861667
653	-2.53111031076278	-7.35690421698453	-3.17527227723617	-0.940269868024369
654	0.519251636833708	-0.54775617133343	-0.197744218848184	-0.451510787191482
655	-0.640974933535545	0.47443184591664	-0.306337335455701	0.248106929636281
656	-0.182796768024159	-1.56124807679474	-0.552466215337459	-0.650859497311453
657	-0.448723916449391	-2.7269139362836	-0.572481733823551	-0.161940459197631
658	1.15508823169859	1.54163851939681	0.634219086439535	0.502795816459571
659	0.426764228231131	-0.204778440145539	-0.0363525125161162	0.547144119098191
660	1.04094414523667	5.18463074069812	2.28134568625587	0.544872962961942
661	0.256252046181231	-1.58983779831105	0.356501120234394	0.0567870149775911
662	0.602756025061204	-0.973305206808538	-0.978764858390161	-1.04333931548575
663	-0.0627342953811199	-2.75137511639175	-1.41994703048334	-0.445378601128002
664	1.05478449457665	0.230294637541526	-0.164140342540259	0.476257904264532
665	0.375890301801348	1.43186997607409	0.781775039394989	0.604929927960466
666	0.635927068063242	-0.208228060426946	-0.435326456326801	-0.204540674456561
667	1.69135897997647	2.09663944650381	0.768775533311213	-0.836451825507645
668	0.508507145302074	2.88182245145599	1.57563165294559	-0.098711090744366
669	1.75579078128269	4.5725195699759	2.04715843321298	0.747511953189672
670	0.212059391456338	-1.06021065236586	-0.0831917186914102	0.12101028379099
671	-1.13438292877099	-3.48724714767289	-1.83861818951408	-0.281599816904136
672	-0.683772164815541	3.04936357193775	1.88052014479237	0.519673988089233
673	0.690086465629917	1.02998872585755	0.663084984357074	0.541359842452079
674	0.746658011193211	-0.106933773522114	-0.420634057320501	-1.16293746240068
675	2.1275536305504	5.90952762552393	2.5389739156221	0.571960778306818
676	0.386745660913034	1.24851986048368	0.617480928169932	0.639223845290524
677	-0.0242274790067987	-0.118257521524743	-0.331813548979081	-0.267441098698463
678	0.474318044394268	0.366364837133663	-0.059140301521738	0.274049972999812
679	-0.220805053692746	3.8115815423824	1.41558413357522	-0.13141097413698
680	0.470748093148163	-1.41795856505539	-1.32894640729925	0.400463900264897
681	0.0126883561369926	0.167515242903804	0.147680437403042	-0.545406559561279
682	0.145651131487342	-3.71425861157043	-1.59831694796239	-0.0997357632134955
683	0.908309636673509	2.38044322845319	2.26708181802438	0.249896875463521
684	-0.65135137279747	-2.68272107800716	-0.673252411399381	0.140755913246873
685	-1.00360496678098	-3.74744017214907	-2.02129147660521	-0.667079133766518
686	0.793994810082294	0.205462144164851	0.839683590285537	-0.257456919942102
687	0.422785233728391	2.71565995143689	1.22409319954442	0.0434303143667307
688	1.01570323202347	4.01521562639199	1.01545005177254	0.71186241050254
689	-0.610876001705336	5.21194417610792	1.71958605260844	0.239304294209993
690	-0.802168169490008	-4.23031448691548	-1.66245317988509	-0.332904333434557
691	-0.958668458682588	-4.03711489718451	-1.51414423004492	-0.680988582867507
692	1.71790635015794	3.43235508922339	0.301746036007772	0.954826512004582
693	0.264193093421934	1.62629402472902	0.663588753904117	0.400513025078721
694	-0.426425812904937	-0.917613921243065	-0.698602632967095	-0.0349458802639429
695	-2.53526666638926	-9.2038577719864	-3.67765581545482	-0.565013846810901
696	-0.994567322958392	-4.14001031454537	-1.24493337239262	-0.607245694475888
697	-1.56183746419314	-3.61931109038686	-1.21602019835874	0.0271570064559726
698	1.80339722412121	2.42245411765163	0.822336418815145	-0.357327995553416
699	-0.330136941744656	-0.346524079754277	-0.441859246308499	0.0786628458562711
700	0.339123347819701	0.839139764992447	0.190468321007641	-0.876435182920151
701	-0.980596915640916	-4.69694351322455	-2.06186479279777	-0.0136691369944947
702	-1.09585702639121	-2.29956361992015	-1.32235279144238	0.295573191573323
703	0.534313857080803	0.427985470140522	0.00548732302766908	0.672930896167183
704	0.502815796848133	1.96550802666417	0.686708123808627	0.371077412043234
705	-0.328481767487746	-1.24189049521914	-0.180563680923104	-0.219440254233351
706	0.393995090220354	4.09791302964738	2.11927752788389	0.78816315666419
707	1.14129044864217	3.96939951560861	2.04830324950451	0.206233562722968
708	1.62005413968516	5.61287511058522	1.75533446733899	0.239186417666862
709	-1.08032859692293	-8.18691493603375	-2.83072910458388	-0.89772002321405
710	-1.51644723680041	-3.63939932668118	-1.69694306870413	-0.942937113418366
711	-0.753962655752162	-5.43560398399987	-2.56759867495702	-0.119955601017746
712	-0.589294803866364	0.325777586787082	-0.821285973664647	0.665390295453277
713	0.637569644503309	3.62196016468947	2.07094805458714	0.551463725063876
714	0.858524635138112	3.60161230406683	0.900670025301384	-0.426451669092784
715	0.586313046792027	2.00197789812904	-0.00222975354065613	0.986413960148683
716	-0.752298151304798	-3.24623627839712	-1.82645611792197	0.338212156951149
717	-1.05874614110228	-4.83584757122767	-0.871798945743051	-0.322246885635116
718	1.60983685634675	4.42632955085857	1.57682110353457	1.34904370819418
719	-0.0194327212564005	3.44443215095203	1.70090884550777	0.440804034018765
720	-0.28183798657549	-3.23149567403955	-0.667489067729956	-0.38215453043845
721	0.197241760347357	1.15620426951653	1.29155683332466	0.0494913866676709
722	0.600444238895403	5.42154078786001	1.83910304155309	-0.162709844480748
723	-0.869303109253546	0.18475094423876	0.0501682839587225	-0.411768052243811
724	-1.50724538560341	-5.76038524022022	-2.75341458123971	0.462865097281397
725	0.843711124063336	4.20825678329262	1.8468033498855	-0.762829990553525
726	-0.0816770450544445	-4.43085460749934	-2.04569600457104	-0.213113442628443
727	1.31695894604808	6.54829048143326	3.00885279768419	0.550170707342097
728	-0.452904247072346	0.620261257753248	0.0733036532639959	-0.194366811977516
729	0.0318832572920947	-0.377024383755294	0.617058547107728	-0.353958229494983
730	0.606575781760846	1.30222052072877	-0.218014865558554	0.0436027037902113
731	-1.99748334356542	-6.54096673591416	-2.49350413544855	-0.376748161937623
732	-0.0986924634290404	-0.51233586629189	0.0297222912043028	0.592845586797315
733	0.32626637328685	2.38459833469225	1.05279135466932	-0.141841098646256
734	-0.43181970763283	-3.43951369593852	-1.03985004272764	0.0570848458368672
735	0.825348135537553	0.433709748023934	-0.486027640528871	-0.207157680210621
736	-0.052185318782684	3.23201177930503	0.41074531175133	0.355252269031145
737	-1.34229340848008	-2.99528430251708	-1.3327055161783	-1.16152177429015
738	-0.751751411947506	-4.92179686648089	-3.09410995435702	-0.761657753356456
739	0.600422162759674	1.31133710460222	0.997575480262659	1.01196455361855
740	0.839367144602916	2.52041169332363	1.45038941072236	0.163568290090492
741	0.489604701644477	2.61177105545922	0.198629541295908	-0.283946069303566
742	-1.20506002450435	-5.89986488546919	-2.00039777461779	-1.19573582315243
743	0.906031442073957	3.40434994136789	1.89008754544315	0.399323532789566
744	-0.206431404512813	-0.326091239059094	0.511890938105635	0.505122981142946
745	0.535181074455	2.92608885331603	0.706949555559405	0.182278721310433
746	-1.1380831734301	-1.91359923572236	-0.938500635285781	0.383371463591949
747	-0.584724389848015	-1.04040202551875	-0.132994392336684	-0.375643221368737
748	-0.506826920960442	-1.76469641593325	-0.465828833406076	-0.406305797495486
749	0.205783122479472	-0.584201932836725	-0.956747516150538	0.0770473886031809
750	-0.00105228967381588	0.711252065351784	0.410621443440216	-0.253348803634908
751	-1.00519886473524	-2.26228474127355	-0.486266925715564	0.341605336138805
752	-0.84159672673947	-0.389375182199631	-0.0626928999566365	-0.506144682403292
753	-2.32261620097414	-6.54590376249198	-1.90709956924802	-0.55917958135745
754	0.289538211274793	-1.01121248784798	-0.00974692662948096	-0.705345987033532
755	0.138753065565011	3.76498297433515	1.48437185887393	0.909154861762349
756	-0.430841596374772	-1.48603040326135	0.317379373968107	0.522785221327752
757	0.312438855534622	1.67073712081494	1.11199953112157	-0.288728572095616
758	-0.0429047737148722	2.00142109503238	-0.870112854067507	-0.612992376493921
759	0.665370544966935	0.577528198973956	0.598954654183253	0.659714190101877
760	0.78081334167637	2.141537989474	0.82998564512719	-1.2703320829802
761	-0.113300733407615	-4.01306423963415	-1.02774556146366	-0.982422124331006
762	1.17572959891067	2.53808200169255	1.466039388109	0.537355610972437
763	0.341056573474518	2.03874064650985	1.05110255632507	-0.236295928926764
764	0.63263501958898	4.11223078637672	0.816782115756332	-0.031018515231687
765	-0.525485802990533	-2.97521931346686	-0.587563164531917	-1.07102390392749
766	0.926093217032551	3.09946905947482	0.989860493735121	0.970693928264452
767	0.693582360763424	0.0778397823273806	0.275315026420837	-0.416458846376264
768	1.03408928642764	1.07165220127774	0.292009387635773	0.195316509449738
769	-1.05184097097851	-2.62210396224916	-0.665755458365052	-1.32273141324238
770	1.0488223665923	2.34406725110745	1.59910116673188	0.859809138473734
771	0.34917511760724	1.93259895246786	0.692594946901877	0.305186592914552
772	-2.62624548445757	-7.89303030197269	-2.22344234622751	0.185316351560568
773	-2.15008415813386	-10.3108567128599	-3.92747291312949	-0.8724173464595
774	-0.74448214880459	-4.7225909131446	-0.75537770507187	-0.108162554452675
775	-0.0615237779669853	2.13452923312769	0.741579055050018	-0.626957767101719
776	-0.173914882863025	-0.991363014959481	-0.788573756134946	-0.297562937515536
777	0.694977734569723	1.98149360091036	1.55882331617698	1.08027489584858
778	0.055348228966674	-4.23115824447515	-1.83238335640224	0.339494446579275
779	-0.34912199618211	3.09970403209331	0.51761709526648	0.429843535158897
780	-0.512357026631809	-0.853996231048333	0.832995052236845	0.0726173022692919
781	-1.36742604693167	-2.41880523370174	-0.737403983215473	-0.532313904493203
782	0.964847015513989	0.105631421588171	0.990786883773347	0.246793540393924
783	-1.15783505965323	-3.68164985528077	-1.1420884066111	-0.13144553018555
784	-0.368718158550012	0.58101332183055	0.467586170817045	-0.230976827203149
785	-0.284082462941626	2.92564273482006	0.312752570969598	0.936730483551893
786	1.29957455891645	0.150501315957126	-0.560263750875036	1.03096380285463
787	0.0699566289032783	3.30726730408255	0.811082428094814	-0.0609863788240372
788	-1.08530716586518	-2.63509664722692	0.425744154377362	0.59553341938734
789	-0.415280520763633	1.14259109312105	0.968771418333249	-0.0986832289765447
790	-0.567036303187786	-3.50213244024243	-0.578193366863737	-0.798614565966153
791	0.0972652753862997	-0.709231291898588	-0.446534423879927	0.123363088307309
792	-0.804803064328765	-1.59942341303049	0.353845007383926	0.384308700680594
793	-0.690469110269478	-4.38195698637437	-1.39107326768941	-0.233773270115002
794	1.87794215802191	1.84061770962671	0.827070849452487	-0.228659461832433
795	0.681999778431153	1.6337614576901	0.868414155603756	1.03189581715625
796	-0.0757603956862938	2.99545920225804	0.719391133968446	0.485229259921516
797	-0.0309738903442929	-1.8983521177253	-0.958265487553421	-0.290432011114537
798	-0.625213874872692	-2.10574161548439	-0.629374488413241	0.673158170827817
799	-0.296191371063052	-0.399696435855359	-0.462669493437925	0.834326436722055
800	0.240291618898174	-2.33900603309073	-1.05485169770217	-0.312865691670227
801	-0.331437412821983	-1.28122755363092	0.28807563520314	-0.0535222489919759
802	-0.0404424501044951	6.4390816736385	1.93249241754154	-0.0182527411280269
803	0.233953157030432	4.42496424715779	1.22726573753964	-0.174792378788977
804	0.378277177238104	5.89893957762866	1.72124675238308	0.770852170377013
805	-0.230227047791773	0.628958532353645	-0.47797370934426	-0.185460785564632
806	0.907529949421884	2.30721327592141	0.722821211295184	0.5163355688513
807	-0.204828059793785	-4.06691725599876	-1.03190210638007	-0.231363175010251
808	0.698435470367007	2.50234897788458	0.689824389331915	-0.540222743284217
809	0.0806132172743541	0.407143545236473	-0.0202639661633541	0.458177208181604
810	-0.286001092391062	-1.22237422319204	-0.30679591715668	-0.572107842714919
811	-0.416150392478767	-0.156361995823932	0.777457487028633	0.352637093912233
812	0.588967145380799	2.94385304070763	1.27314087170373	0.207883929810911
813	0.292619017730424	4.57801761116168	1.855000145109	0.264695544175554
814	-0.219307902615267	-1.3678642313096	-1.17994704058682	-0.669354991404403
815	0.792983153870037	4.93643578950033	2.32110539472165	1.12936588380856
816	-0.0627289562447162	-3.02865260245384	-0.270048452154769	0.170476355490339
817	1.04815770415482	3.51226426706618	1.28763472710541	0.514160545103284
818	0.998229101380102	4.73835109878284	0.998745782671126	0.578698652926346
819	-0.846313114847966	-2.55908468499365	-1.52519023385927	0.191312109104741
820	-0.00372411916872961	-1.0503926727955	0.28299670949502	-0.205834008904868
821	0.951925421842342	5.47248682235581	2.43422683208122	1.0370871127904
822	0.715320210088925	-0.549186970589258	-0.379675549405111	-0.227127799508835
823	1.21833067101163	8.3532559875237	2.95573829498501	1.20143812322504
824	-0.854761835827879	-3.31122455942902	-1.15769518082134	-0.820935388438372
825	0.0143476011702055	1.62639702991558	-0.234083265623974	0.0305465679331743
826	1.30388349730371	4.94064208111388	2.49294535904852	0.134592403051206
827	-0.403874080120468	0.977426950617092	0.637185874647352	0.00878282670067509
828	-0.4405915632233	-0.541315758846169	-1.1266503143041	-0.574740658684977
829	-1.28613922811717	-3.96829236722316	-0.803729857165187	-1.15469354548128
830	-0.211454774741288	0.301274520662893	0.904103218100052	0.377099034776455
831	-0.8328112947524	-2.57934733403774	-0.624677236609683	-0.537248403739339
832	0.893834790520343	4.55763028130981	1.19150659244288	0.394716529268757
833	-0.866261238314867	-2.40480809841822	-1.52565823177502	-0.598608667585417
834	1.19405818709936	3.53028873747462	0.559768123121221	0.523007778958112
835	0.545732175895643	2.07828679228615	0.349502795019037	-0.207341774832914
836	0.483866811263143	0.147334865691985	0.351015119910517	0.317830790671864
837	0.208112356619735	2.08860891516333	0.479949682516519	-0.478212548688855
838	-0.0588636590589351	-0.698419123164458	-0.226316057593089	-0.30820057098107
839	0.976981169430362	5.11844609346962	1.50029692557467	0.90432141645858
840	0.789593238894875	0.986713554923099	1.00833358771813	0.206197005089555
841	0.346207662523147	-0.765086673343891	-0.0894801920564845	-0.0203395803269949
842	-0.319169180474637	-4.24095148912848	-3.33688903417881	-0.813159288052783
843	-0.357457137332322	3.05487567205874	0.90831168570053	-0.461115101472848
844	0.465133178341488	2.38775008268635	0.177261041547625	0.551250022477469
845	-1.22106478854737	-1.45614964590759	-0.527542896189798	-0.575896412606257
846	-1.02555337158422	-5.64384706128247	-2.23618729398461	-0.433670648223458
847	0.387628919278259	-2.55081347997758	-0.118033301589848	-0.0320227719411822
848	1.12019735352248	5.3742138381951	2.4281757901237	-0.590957712147021
849	0.427731040423771	1.75557564685818	1.46565299270706	0.524670619417422
850	0.368937878848857	3.74735424014442	1.29669401211825	0.488202943125435
851	-0.350655163089974	1.51619258718962	0.256617141510747	-0.461113204529071
852	-0.0768281405999112	-2.65594795395145	0.116090219178336	-0.49588459769945
853	-0.667104124279722	-3.9634745975177	-1.20185138173627	-0.760132605731554
854	0.323591489146061	-0.933110304647474	0.687345893063025	0.182218353284851
855	0.15187814442946	3.07033838328679	0.575190752037214	0.545626804983346
856	-0.599429898501659	-1.70022275409932	-0.189913451195694	0.0182590588105882
857	1.25919895897938	3.58918292541491	1.76771452110938	0.0357349219856589
858	0.225874083422694	-0.999537446721714	-0.11928553703879	0.329694473146904
859	7.23848701120744e-05	2.01902178528993	0.706678714396044	0.332468087116508
860	0.25077895230681	1.65693988332324	0.727454480327963	0.870560487156712
861	0.465623460815189	3.30583274669538	1.58577489519777	0.65156794745121
862	0.232147727576367	1.99665910713414	1.5897968466505	0.222210586527318
863	1.28124001507923	7.00714016444175	2.42584504756459	1.55371095659348
864	-0.336518392275876	-3.67605553762922	-0.313016959693924	0.757302457455057
865	-0.81568477389648	-3.17125691743414	-0.649456283542077	-0.204239679428973
866	-1.42349345313088	-3.99071676975377	-2.11815892202572	-0.909650054341467
867	0.10788279257615	-2.30485514092644	-1.37892342232168	-0.323842548585887
868	0.466624494089045	-1.04287164001381	-1.23550285441873	-1.09781004470389
869	-0.488706242710939	-5.60740153861755	-1.43287691715927	-0.0517085420056256
870	1.18565144639162	-3.42008245610175	-0.136806910654057	-0.0858500740458825
871	0.392401323129213	3.3087177191031	0.489016230530184	-0.16954505264131
872	1.17278242783501	1.71682618752628	0.611742151743669	-0.74215647818432
873	-0.179523496602412	-0.985174282006236	-0.138152348334879	-0.0636536144067423
874	1.720877036061	5.49532840069246	1.31650784565736	0.24232935252376
875	-1.12449462948025	-1.89113411926367	-0.833531777506231	0.205313469632361
876	-0.466313093870737	3.60813466772278	0.234210468005247	0.30188393813625
877	-0.245955674909458	-0.924332903713115	0.445428633967596	0.526210094657689
878	-0.0268091686980136	-3.987241400267	-1.1042646236718	-0.521461249824576
879	1.60546365828931	4.29879247526198	1.48414059971965	0.0836025180445387
880	-1.01863251915648	-1.1583211759521	0.171198882959111	-0.0690263561805016
881	-0.143008762315396	-1.88578044000033	-0.415380549629536	0.382494287773773
882	-0.472433371077036	-2.62754262937887	0.0433737090756624	-0.18874532999737
883	-0.527209707049594	-2.53686609514059	-0.856727079153118	-0.591196459191689
884	-0.337812785701498	-3.09765307946975	-1.15102503157481	-0.420605619062407
885	0.214207101191784	5.06317121027452	1.74403392427148	0.878904739576783
886	-0.377209971340272	0.411541883879639	-0.800214829044	-1.30555329572197
887	0.904380467812452	5.21516270244321	1.5485084724849	1.47439484620195
888	-0.993766154788245	-0.902071910631904	0.274665947148293	0.206740773264947
889	-1.81915150758363	-2.65036556169388	-0.749857882907782	0.441189464706573
890	-0.0230063697551978	-2.15783148319829	0.299523253897284	0.828960411464689
891	0.778717703446154	0.217620245231521	-0.778997493050645	0.245569643527031
892	-0.0561788131249962	-0.780023770104276	-0.612762060224782	-0.700747273374792
893	0.613871867495374	3.37089021447912	0.398439920456983	0.935655601817139
894	-2.4683717643924	-3.40281214980847	-1.67427214009071	-0.667458552082112
895	0.209205537180153	0.653291101708951	0.191201517560971	0.111845591114871
896	-0.290340910770337	-1.1548969855116	-0.242367957336778	-0.164515768832666
897	-0.2407768854055	-0.000822687625591012	-0.0527720919160648	0.0626465533920419
898	-0.941174394465479	-2.0411763876707	-0.308214074797144	-0.569611069544679
899	0.69671040307864	2.52730762786955	0.975958452147666	-0.769656711224104
900	-0.564615963324856	0.480561083358087	-1.19995148663667	-0.0298227979867473
901	0.24546378180055	2.80044281323891	1.59052453103302	0.44990290988863
902	-0.27326939178192	-1.54235413067999	-0.706442133997442	0.237570101117065
903	0.184621400304506	1.68969513410943	0.0268215357269807	-0.484629986736886
904	-0.733521237624824	-1.38570937707939	0.00774613638733834	0.938666415455172
905	0.073720779339618	-0.165051935519161	0.0728823333098163	-0.362409376806091
906	-0.2297758920932	-0.536929923445335	-0.73511233538421	-0.0645748166516863
907	-0.641558015323189	0.422130281911817	0.40540106069671	0.244714552920902
908	-0.612230246004513	-0.743186751193028	-1.43529827771984	-0.87549119684669
909	0.529734383779768	2.99080171348343	0.0835115063738081	0.889921736556005
910	-0.536297039045294	0.52732264701516	0.0431969129224979	-0.232668147295273
911	-0.565520094061732	-2.04477171588439	0.0443786256268268	-0.300050290471012
912	0.298844219967001	3.96705415763246	1.00887543647574	-0.37975476962956
913	-0.927688929911996	-5.61973045602326	-2.21826685876943	-1.68287639404277
914	-0.471060953744837	0.135526405401512	0.457728324009548	-0.490193138530483
915	-0.821125001504003	-2.36493423398749	-1.05980700094365	-0.235456504306912
916	-0.744887814017661	1.54418673516234	0.0582560374435854	0.0627696132753862
917	-0.464498984552212	0.0546978703526819	-0.184609422577216	-0.186891440054193
918	-0.946737542870243	-5.39833013198402	-2.45584903949104	-0.443120120380373
919	1.56054347710709	2.57099906613284	1.9025473300265	0.2612806410202
920	-0.322809693351582	1.30951468057554	0.236779146955547	-0.207751246819471
921	-0.0449078469651231	-3.22103069800957	-0.612109220756576	-1.23261320916215
922	0.0918894565267183	0.716562216930732	0.187583793378184	0.606548480636033
923	-0.0502511537225363	-2.30084620023178	-0.838649603169671	0.168131999362557
924	-0.344400184125907	-1.34224943051336	-0.000327044302284474	-0.311147540903288
925	-0.0708118696180879	-0.822969681478656	-0.0879237814860576	0.999556332111639
926	-0.259484245485246	0.988933944281302	1.92910211364863	0.242270551862556
927	-0.400321421992076	1.1087692953075	1.31825913623963	0.932050260828911
928	1.94793127496946	7.89629662845475	3.05053471071322	1.29696773874994
929	0.708824916546792	2.64651347059753	1.33177778884882	0.203718393736865
930	0.362918964899178	3.40796031938015	0.729764429873221	0.396045007530331
931	-0.770631596553066	-2.6434462538566	-1.00592843514675	-0.1814408816999
932	-0.669140684388726	-2.99529212475763	-1.63914693160162	-0.380561442359813
933	-0.0268243977162667	-1.48289770394889	0.137269674463428	0.54176523245474
934	-0.675702609017161	0.908569099682555	-0.342564210229798	0.821803620402342
935	-0.169597603657205	-0.368904699160947	-0.464879668965476	0.345331219856766
936	-0.582732984033871	-0.544311888927955	0.00129532932410498	-1.01228966954212
937	0.360711557318803	2.61783137594019	0.753921297813974	-0.211243458818189
938	0.970077493310141	1.81849454124828	0.578467549103134	0.196926686905731
939	-0.907211134121078	-1.25174694565115	-0.585750353946706	-0.159516386053021
940	0.181802516541352	0.757330627281164	0.0264405445792475	0.165390721731927
941	1.17663587676096	7.60917014541999	3.44761268780976	1.13391090589903
942	-0.798202926654442	-2.16513688426938	-0.817596909453813	-0.64897686105977
943	-0.304712114905604	3.39198951729533	0.943445677990305	0.425660767941406
944	0.0175233411264082	-4.25402993059227	-2.94978578453712	-0.524736855055459
945	1.11778248955925	7.55177171818449	3.21163181602992	0.194908144177111
946	-0.182597795680309	-2.00197949736995	-0.692806892078678	0.157166778026086
947	-0.36131094379091	0.698873536312187	-0.142366260889849	0.207745508997898
948	-0.0926198589018941	1.60792544382321	0.628050872856564	-0.461617068111039
949	0.814359784701917	0.710302279010331	-0.308459569064854	0.390426787952933
950	-0.302672605201349	2.7533916785972	0.106491932150438	-0.707397070166232
951	-0.301437585470212	3.03056906945496	0.673243972560162	0.0627060288672943
952	-0.734300213946778	0.00697092989329029	-1.19406877501064	0.00270510045099603
953	0.346194529862368	-2.79073851693862	-1.62234067709475	0.498348804640528
954	0.466661891908148	-0.666931894447799	0.0632569858836609	-0.1820284334928
955	-0.905295474856783	-3.19403018852164	-0.917332867119159	-0.636076836774861
956	-1.12294573089838	-5.39687980087513	-1.83672799498447	0.202226100075053
957	1.1985693599168	0.683738844021664	0.140196254578551	0.247863664815228
958	0.353862514142972	0.941123192514846	1.67162416888462	-0.523712495672943
959	-1.83436683309009	-8.01773452856398	-2.92677243281959	0.211921806364987
960	0.165625344029935	-1.3188840803496	0.262013641201833	-0.12946033914445
961	0.492752366826217	1.09827428016743	-0.0633911060373342	0.783422413631243
962	0.118516830809463	-0.867901635676079	-0.460921102433486	-0.574166570854522
963	0.663943492616391	1.27215380419533	0.350727713651735	-0.576771573980278
964	0.311033335955761	2.0293203142865	-0.197109298543349	0.533245094970766
965	0.0212943957652359	2.3759225825217	0.284635035060227	0.2813908502983
966	0.391202438119492	5.18566155474673	1.90554441885961	0.510365451018503
967	1.23505184740892	1.15755863122802	0.55400430249204	0.320432186044009
968	0.949736152605525	3.38663012504337	1.13561833555489	0.0923541374192902
969	0.0271476501728942	-0.930238965039098	-0.89623065183302	-0.408294967426918
970	1.26229208818321	5.67008573505057	2.44325313666825	0.767267628126643
971	-0.500527731370482	-3.11411220481415	-1.47899893028173	-0.688734927356858
972	0.206533956790574	1.14067115011262	0.734407375284048	-0.15778616128414
973	0.0879113388765806	-1.15513452794717	-0.64946312807372	-0.945589945284098
974	1.02117555971084	3.98262628631988	0.959629776793132	0.476112310226872
975	0.074466921043927	-0.0252100604096812	-0.929780113528267	-0.0541875844144382
976	0.30145489126	2.03984339197496	1.10961607392611	0.357860437426761
977	-0.524808601636601	-2.09805209764973	-1.30171933488077	-0.633589942753921
978	-0.383110967445074	-3.83956681914781	-1.10071864725959	-1.00271326674988
979	-0.780752486981087	-0.342216154018178	-0.318682430120948	-0.4005354692991
980	0.801428575344234	1.23378684824342	0.179290711500727	0.245857263151854
981	-0.769685188990817	-1.99446312506525	-0.831228228397489	-1.18096302672905
982	-0.450263200976034	-4.3764631547687	-2.41497127963236	-1.36341571637814
983	0.468740804554848	0.807261328279583	0.754549931056068	0.0349643057259011
984	-0.609900750327905	-4.03517805009039	-1.29164624187391	-0.460434912313921
985	0.568686604262547	-1.62527226572132	-0.00360849679486641	-0.474161780260867
986	0.350787417421242	0.516788946956161	0.953709636463993	-0.099890708432686
987	1.77779118001861	6.01916725175535	1.8940247816349	0.966613947301901
988	0.776499772851179	3.31481270954515	1.42008686846956	0.486653524811993
989	0.800477939459948	3.34183849566478	1.3351531370871	0.512681704655943
990	-0.045762978209108	1.68490161772469	-0.622630168700177	-0.315187456086906
991	0.0987236680785393	0.838775157613938	0.157781758954427	0.661006624059759
992	-0.64058530778741	-1.50961348157739	-1.08212169841003	0.113983932573545
993	0.644087163648283	2.50773476748509	-0.0618781883688468	0.369410910400118
994	-1.34459520718685	-6.36203172933953	-1.92418867246636	-1.24186707926188
995	-0.196186579250354	-2.90076944172277	-0.770396086019334	0.145942353157378
996	-2.00285177513642	-9.54541160046803	-3.05767250406271	-1.03896956373899
997	0.207247477373581	-2.84555040380224	-1.23658765914319	-0.446291948607908
998	-1.10759888953674	-1.55442608917772	-0.0682174721354984	-1.22620418971808
999	-0.199826639957134	4.16788069297925	0.369000270042418	0.223546184479161
1000	0.245642706257025	0.951636981662262	0.366992398871071	0.675656244482388
