horizon	z	c	i	y	k	l	r	w	case
0	1	0.588978821514913	3.18588537917346	1.20551059419644	0.0796471344793364	0.308265886340761	1.20551059419644	0.897244707855674	baseline
1	0.985	0.622715969055246	3.07943407479428	1.20596559128106	0.15464180798721	0.291624811112906	1.12631845680172	0.914340780168152	baseline
2	0.970225	0.654098870944662	2.97712630206413	1.20560898049101	0.225203920339133	0.275755054773174	1.0509671725038	0.929853925717836	baseline
3	0.955671625	0.683243077036128	2.87878934437381	1.20448787431773	0.29154355594	0.260622398640803	0.979283953978601	0.943865475676931	baseline
4	0.941336550625	0.7102589206089	2.78425787580795	1.20264716177126	0.353861413936699	0.246194120581182	0.911103605831263	0.956453041190081	baseline
5	0.927216502365625	0.735251747840192	2.69337364190272	1.20012960758165	0.412349219635849	0.232438929870731	0.846268193644955	0.967690677710923	baseline
6	0.913308254830141	0.758322137269667	2.60598515423856	1.19697594705365	0.467190118000917	0.219326904891991	0.784626727417799	0.977649042161657	baseline
7	0.899608631007689	0.77956610969186	2.52194739826799	1.19322497676389	0.518559050007594	0.206829433536015	0.726034858762974	0.986395543227876	baseline
8	0.886114501542573	0.799075328892765	2.44112155380406	1.18891364128178	0.566623112602505	0.194919156194505	0.670354591274182	0.993994485087271	baseline
9	0.872822784019435	0.816937293628715	2.36337472762025	1.18407711608714	0.611541902977949	0.183569911229211	0.61745400348463	1.00050720485793	baseline
10	0.859730442259143	0.833235521228414	2.28857969763638	1.17874888685045	0.65346784784441	0.172756682811018	0.5672069838725	1.00599220403943	baseline
11	0.846834485625256	0.848049723182422	2.21661466818782	1.17296082523406	0.692546518352995	0.16245555102582	0.519492977389651	1.01050527420824	baseline
12	0.834131968340877	0.861455973068561	2.14736303589715	1.166743261366	0.728916931291599	0.152643644148717	0.474196743013001	1.01409961721728	baseline
13	0.821619988815764	0.873526867146605	2.08071316568855	1.16012505313138	0.762711837151523	0.143299092992389	0.431208121839783	1.01682596013899	baseline
14	0.809295688983527	0.884331677941079	2.01655817650445	1.15313365242015	0.794057995635346	0.134400987239536	0.390421815268629	1.01873266518062	baseline
15	0.797156253648774	0.893936501117221	1.95479573630411	1.14579516846375	0.823076439152065	0.125929333673263	0.351737172828402	1.01986583479048	baseline
16	0.785198909844043	0.902404395941814	1.89532786594106	1.13813442838768	0.84988272482179	0.117865016222931	0.315057989235612	1.02026941216475	baseline
17	0.773420926196382	0.909795519608015	1.83806075153439	1.13017503510133	0.874587175489605	0.110189757746656	0.280292310279536	1.01998527735467	baseline
18	0.761819612303436	0.916167255691104	1.78290456496559	1.12193942264116	0.897295110226504	0.102886083475028	0.247352247151557	1.01905333916613	baseline
19	0.750392318118885	0.921574336990543	1.72977329214822	1.11344890907834	0.918107064774547	0.0959372860438972	0.216153798851833	1.01751162303444	baseline
20	0.739136433347101	0.926068963002578	1.67858456873347	1.10472374709696	0.93711900237352	0.0893273920471915	0.186616682322413	1.01539635504977	baseline
21	0.728049386846895	0.929700912257064	1.629259522929	1.09578317234464	0.954422515387407	0.0830411300437903	0.158664169971125	1.01274204230085	baseline
22	0.717128646044191	0.932517649742006	1.58172262512257	1.0866454496525	0.970105018130786	0.0770638999552464	0.132222934265092	1.00958154969725	baseline
23	0.706371716353529	0.934564429629588	1.53590154401529	1.07732791721756	0.984249931277899	0.0713817437939863	0.107222899086775	1.00594617342357	baseline
24	0.695776140608226	0.935884393508221	1.49172700898222	1.06784702883658	0.996936858220507	0.0659813176641798	0.0835970975586818	1.0018657111724	baseline
25	0.685339498499102	0.936518664316196	1.44913267839014	1.0582183942762	1.00824175372475	0.0608498649800003	0.0612815360556902	0.997368529296197	baseline
26	0.675059406021616	0.936506436164078	1.40805501361427	1.04845681786089	1.01823708522199	0.0559751908484044	0.040215064136139	0.992481627012482	baseline
27	0.664933514931291	0.935885060224804	1.3684331585068	1.0385763353565	1.02699198705411	0.0513456375658479	0.0203392501345139	0.987230697790652	baseline
28	0.654959512207322	0.934690126862713	1.33020882408057	1.02859024922379	1.03457240797977	0.0469500611805368	0.00159826216968129	0.98164018804325	baseline
29	0.645135119524212	0.932955544165259	1.29332617818214	1.01851116231315	1.04104125223483	0.0427778090739464	-0.0160612456666154	0.975733353239206	baseline
30	0.635458092731349	0.930713613034052	1.25773173993759	1.0083510100687	1.0464585144274	0.0388186985173259	-0.032690242166123	0.969532311551378	baseline
31	0.625926221340379	0.927995098985085	1.22337427876416	0.998121091306736	1.05088140853581	0.0350629961608253	-0.0483374231206597	0.963058095145911	baseline
32	0.616537328020273	0.924829300801465	1.19020471774996	0.987832097630963	1.05436449126617	0.0315013984147491	-0.0630493109048516	0.956330699216214	baseline
33	0.607289268099969	0.92124411617574	1.15817604121207	0.977494141544077	1.05695978001482	0.0281250126841688	-0.0768703497220908	0.949369128859909	baseline
34	0.598179929078469	0.917266104472984	1.12724320625206	0.967116783312622	1.05871686567075	0.0249253394198189	-0.0898429967021943	0.942191443892803	baseline
35	0.589207230142292	0.912920546740058	1.09736305813563	0.956709056639726	1.05968302048237	0.0218942549498338	-0.102007809031021	0.934814801689892	baseline
36	0.580369121690158	0.908231503081052	1.06849424933042	0.946279493197809	1.05990330120357	0.0190239950583782	-0.11340352728456	0.92725549813943	baseline
37	0.571663584864806	0.903221867513671	1.04059716204366	0.935836146071151	1.05942064772457	0.0163071392787402	-0.12406715513242	0.919529006792411	baseline
38	0.563088631091833	0.897913420416349	1.01363383410768	0.925386612156017	1.05827597738415	0.0137365958698344	-0.134034035568555	0.911650016286183	baseline
39	0.554642301625456	0.892326878671114	0.987567888068384	0.914938053563991	1.05650827515126	0.0113055874464385	-0.14333792382016	0.903632466117552	baseline
40	0.546322667101074	0.886481943602629	0.962364463337737	0.904497218072115	1.05415467985592	0.00900763723474307	-0.152011057079142	0.895489580837372	baseline
0	1	0.541054914060818	3.44075341158566	1.22947254296959	0.0860188352896414	0.344208814454387	1.22947254296959	0.885263728515205	phi_0
1	0.985	0.580811855803082	3.31570691997543	1.23010348974328	0.166761037406786	0.324645816970099	1.14408465445364	0.905457672773181	phi_0
2	0.970225	0.617753887114524	3.19593931549009	1.22984107514613	0.242490494358869	0.306043594015803	1.06308003773934	0.923797481130328	phi_0
3	0.955671625	0.652026045684398	3.0812137016009	1.22873966183724	0.31345857453992	0.288356808076419	0.986249167478367	0.940382853760817	phi_0
4	0.941336550625	0.683766428950087	2.97130404409384	1.22685089873242	0.379904711278768	0.271542234891165	0.913392324192497	0.955308663841252	phi_0
5	0.927216502365625	0.713106519009634	2.86599466942171	1.224223849683	0.442056960232341	0.255558665336685	0.844319138404237	0.96866518434632	phi_0
6	0.913308254830141	0.740171492427688	2.76507978627797	1.22090511614754	0.500132530883482	0.240366811859925	0.778848155915197	0.980538304287613	phi_0
7	0.899608631007689	0.765080515635693	2.6683630293164	1.21693895413543	0.554338293344305	0.225929219249867	0.716806423251946	0.99100973488556	phi_0
8	0.886114501542573	0.78794702659466	2.5756570239907	1.21236738568868	0.604871261610465	0.212210179547012	0.658029092344378	1.00015720614167	phi_0
9	0.872822784019435	0.808879003357849	2.48678297153567	1.20723030515546	0.651919054358595	0.199175650898806	0.602359043544995	1.00805465425665	phi_0
10	0.859730442259143	0.827979220141173	2.40157025315691	1.20156558049743	0.695660334328553	0.186793180178126	0.549646526138831	1.0147724003193	phi_0
11	0.846834485625256	0.84534549148095	2.3198560525392	1.19540914986169	0.736265227283819	0.175031829190368	0.499748815533132	1.02037732067132	phi_0
12	0.834131968340877	0.861070905031735	2.24148499582511	1.18879511363736	0.773895721497351	0.163862104302811	0.452529886353538	1.02493300933455	phi_0
13	0.821619988815764	0.875244043531383	2.1663088082544	1.18175582220663	0.808706048666277	0.153255889337624	0.407860100709279	1.02849993286901	phi_0
14	0.809295688983527	0.887949196435997	2.09418598669256	1.17432195959043	0.840843047116934	0.143186381577217	0.365615910924154	1.03113557801321	phi_0
15	0.797156253648774	0.899266561704173	2.02498148731255	1.16652262317954	0.870446508121825	0.133628030737685	0.325679576062608	1.03289459244186	phi_0
16	0.785198909844043	0.909272438187666	1.95856642772771	1.15838539973314	0.897649506111972	0.124556480772739	0.287938891611319	1.0338289189604	phi_0
17	0.773420926196382	0.918039409064462	1.89481780290651	1.14993643781833	0.922578713531835	0.115948514376933	0.252286931706357	1.0339879234414	phi_0
18	0.761819612303436	0.92563651672998	1.83361821423084	1.14120051685608	0.945354701049311	0.107782000063051	0.218621803324247	1.03341851679303	phi_0
19	0.750392318118885	0.932129429542887	1.77485561108903	1.13220111293154	0.966092223800303	0.100035841694326	0.186846411882228	1.03216527123721	phi_0
20	0.739136433347101	0.937580600803612	1.71842304442297	1.122960461519	0.98490049431587	0.0926899303576928	0.156868237718694	1.0302705311613	phi_0
21	0.728049386846895	0.942049420326102	1.66421843167575	1.11349961726523	1.00188344274987	0.0857250984695617	0.128599122949356	1.02777451879566	phi_0
22	0.717128646044191	0.945592358946678	1.61214433261175	1.10383851096788	1.01713996499641	0.0791230760106021	0.101955068218015	1.02471543495728	phi_0
23	0.706371716353529	0.948263106297868	1.56210773550563	1.09399600387957	1.03076415925914	0.0728664487908496	0.0768560388831532	1.02112955508872	phi_0
24	0.695776140608226	0.950112702159915	1.51401985322002	1.08398993946195	1.04284555160817	0.066938618651019	0.0532257802028091	1.01705132081093	phi_0
25	0.685339498499102	0.951189661688158	1.4677959287139	1.07383719270866	1.05346931103581	0.0613237655102495	0.0309916411004907	1.01251342719841	phi_0
26	0.675059406021616	0.951540094800626	1.42335504954502	1.06355371715002	1.06271645449854	0.0560068111746944	0.0100844061142058	1.00754690597532	phi_0
27	0.664933514931291	0.951207819997059	1.38061997094966	1.05315458964768	1.07066404240982	0.0509733848253088	-0.0095618648508633	1.00218120482237	phi_0
28	0.654959512207322	0.950234472867915	1.33951694710273	1.04265405308194	1.07738536502714	0.0462097901070103	-0.0280099893278822	0.996444262974925	phi_0
29	0.645135119524212	0.94865960954001	1.29997557017917	1.03206555702988	1.08295012015594	0.0417029737449367	-0.0453198079972568	0.990362583284947	phi_0
30	0.635458092731349	0.94652080529394	1.26192861685568	1.02140179652802	1.08742458257343	0.0374404956170408	-0.0615483236279195	0.983961300910981	phi_0
31	0.625926221340379	0.943853748577559	1.22531190190792	1.01067474900851	1.0908717655568	0.0334105002154739	-0.0767498335649281	0.977264248793033	phi_0
32	0.616537328020273	0.940692330629381	1.1900641385748	0.999895709494119	1.09335157488225	0.0296016894323693	-0.0909760560626773	0.97029402006175	phi_0
33	0.607289268099969	0.93706873091585	1.1561268053766	0.989075324133151	1.09492095564461	0.0260032966086507	-0.104276250749095	0.963072027524501	phi_0
34	0.598179929078469	0.933013498576965	1.12344401908799	0.978223622151525	1.09563403223069	0.0226050617872798	-0.116697333493081	0.955618560364245	phi_0
35	0.589207230142292	0.928555630065732	1.09196241358076	0.967350046295917	1.09554224176444	0.0193972081150927	-0.128283985934773	0.947952838180825	phi_0
36	0.580369121690158	0.923722643158299	1.06163102426501	0.956463481838308	1.09469446132696	0.0163704193400048	-0.139078759926133	0.940093062498304	phi_0
37	0.571663584864806	0.918540647503449	1.0324011778691	0.945572284208964	1.09313712924051	0.0135158183527577	-0.149122177117992	0.932056465856206	phi_0
38	0.563088631091833	0.913034411872276	1.00422638731146	0.934684305321867	1.09091436069228	0.0108249467247954	-0.158452823918643	0.923859358597071	phi_0
39	0.554642301625456	0.907227428261432	0.97706225142848	0.923806918653609	1.08806805796069	0.00828974519608838	-0.167107442038675	0.91551717345752	phi_0
40	0.546322667101074	0.9011419729962	0.950866359333595	0.912947043133855	1.08463801549501	0.00590253506882754	-0.175121014826834	0.907044508065027	phi_0
0	1	0.812244782550782	1.99851395209239	1.09387703143476	0.0499628488023098	0.140816124441989	1.09387703143476	0.953060906992771	phi_10
1	0.985	0.821496121448495	1.95976592743117	1.09173283797675	0.0977079257680312	0.13511835826413	1.04176998917444	0.956614479712625	phi_10
2	0.970225	0.829978749201981	1.92185686883766	1.08920161213707	0.143311649344772	0.129611431467544	0.991493686369037	0.959590180669525	phi_10
3	0.955671625	0.837722709449857	1.88476661708244	1.08630147888781	0.186848023538213	0.124289384718975	0.942989829543035	0.962012094168832	phi_10
4	0.941336550625	0.844757051109211	1.84847553793411	1.08304992927627	0.228388711398111	0.119146439083531	0.89620190573806	0.963903490192742	phi_10
5	0.927216502365625	0.851109859285692	1.81296450774219	1.07946384057392	0.268003106306713	0.114176990644117	0.851075129175814	0.965286849929808	phi_10
6	0.913308254830141	0.856808285250047	1.7782148994285	1.0755594958104	0.305758401134758	0.109375605280176	0.807556389503686	0.966183890530223	phi_10
7	0.899608631007689	0.861878575508926	1.74420856887533	1.07135260271102	0.341719655328272	0.104737013601048	0.765594201576263	0.966615589109973	phi_10
8	0.886114501542573	0.866346099996932	1.71092784169889	1.06685831205567	0.375949859987537	0.100256106029368	0.725138656727397	0.9666022060263	phi_10
9	0.872822784019435	0.870235379416122	1.67835550039695	1.06209123547632	0.408510000997773	0.0959279280300978	0.686141375488781	0.96616330744622	phi_10
10	0.859730442259143	0.873570111748361	1.64647477185996	1.05706546271011	0.439459120269327	0.0917476754808734	0.648555461712335	0.965317787229234	phi_10
11	0.846834485625256	0.876373197965198	1.61526931523506	1.05179457832423	0.468854375143471	0.0877106901795155	0.612335458054902	0.964083888144714	phi_10
12	0.834131968340877	0.878666766959205	1.58472321013291	1.0462916779285	0.496751096018207	0.0838124554846482	0.57743730278503	0.962479222443853	phi_10
13	0.821619988815764	0.880472199719987	1.55482094516749	1.04056938389098	0.523202842246939	0.0800485920854945	0.543818287872769	0.960520791805481	phi_10
14	0.809295688983527	0.881810152777418	1.52554740681919	1.03463986057151	0.548261456361245	0.0764148538970444	0.511437018324568	0.958225006674462	phi_10
15	0.797156253648774	0.882700580933959	1.49688786861197	1.02851482908773	0.571977116667513	0.072907124076886	0.480253372726486	0.955607705010845	phi_10
16	0.785198909844043	0.883162759307287	1.46882798059559	1.02220558162753	0.594398388265715	0.0695214111601216	0.450228464960017	0.952684170467408	phi_10
17	0.773420926196382	0.883215304703827	1.44135375912396	1.01572299532156	0.615572272537171	0.0662538453088643	0.42132460705584	0.949469150012691	phi_10
18	0.761819612303436	0.882876196343167	1.41445157692141	1.00907754568908	0.635544255146777	0.0631006746729565	0.393505273151909	0.945976871016123	phi_10
19	0.750392318118885	0.882162795952754	1.38810815342824	1.00227931966996	0.654358352603813	0.0600582618586005	0.366735064523178	0.942221057811355	phi_10
20	0.739136433347101	0.881091867251682	1.36231054541789	0.99533802825517	0.672057157424165	0.0571230805017444	0.340979675651357	0.938214947753426	phi_10
21	0.728049386846895	0.879679594841826	1.33704613787762	0.988263018728021	0.688681881935502	0.0542917119430975	0.316205861303856	0.933971306784923	phi_10
22	0.717128646044191	0.877941602524059	1.31230263514532	0.981063286527668	0.704272400765747	0.0515608420018048	0.292381404592166	0.929502444525863	phi_10
23	0.706371716353529	0.875892971056716	1.28806805229515	0.973747486746415	0.718867292053982	0.0489272578448494	0.269475085980668	0.924820228901566	phi_10
24	0.695776140608226	0.87354825537302	1.26433070676459	0.966323945271739	0.732503877421747	0.0463878449493593	0.247456653217757	0.91993610032238	phi_10
25	0.685339498499102	0.870921501273625	1.24107921021638	0.958800669583774	0.745218260741613	0.0439395841550747	0.226296792162027	0.9148610854287	phi_10
26	0.675059406021616	0.868026261610011	1.21830246062824	0.951185359218654	0.757045365738779	0.0415795488043216	0.205967098477041	0.909605810414332	phi_10
27	0.664933514931291	0.864875611973961	1.1959896346041	0.943485415907735	0.768018972460412	0.0393049019668869	0.186440050168956	0.904180513940848	phi_10
28	0.654959512207322	0.861482165907912	1.17413017990041	0.935707953402533	0.778171752646412	0.0371128937473104	0.167688980942121	0.898595059655222	phi_10
29	0.645135119524212	0.857858089650527	1.15271380816131	0.927859806994813	0.787535304034284	0.0350008586721426	0.149688054348401	0.89285894832267	phi_10
30	0.635458092731349	0.854015116431426	1.13173048785678	0.919947542741043	0.796140183629846	0.0329662131548086	0.132412238706759	0.886981329586234	phi_10
31	0.625926221340379	0.849964560328568	1.11117043741798	0.911977466400154	0.80401593997455	0.0310064530357934	0.115837282770308	0.880971013364361	phi_10
32	0.616537328020273	0.84571732970142	1.09102411856394	0.903955632093241	0.811191144439284	0.0291191511959105	0.0999396921186912	0.87483648089733	phi_10
33	0.607289268099969	0.841283940212616	1.07128222981445	0.895887850693627	0.817693421573664	0.0273019552405057	0.0846967062543428	0.868585895453121	phi_10
34	0.598179929078469	0.836674527450453	1.05193570018353	0.887779697955429	0.82354947853891	0.0255525852524878	0.0700862763817652	0.862227112702941	phi_10
35	0.589207230142292	0.831898859164214	1.03297568304852	0.879636522388545	0.82878513365165	0.0238688316121653	0.0560870438496344	0.855767690776379	phi_10
36	0.580369121690158	0.826966347123923	1.01439355018962	0.871463452887722	0.8334253440651	0.0222485528818996	0.0426783192360715	0.849214900005822	phi_10
37	0.571663584864806	0.821886058615821	0.996180885995246	0.863265406123166	0.837494232613353	0.0206896737536727	0.0298400620580664	0.842575732369493	phi_10
38	0.563088631091833	0.816666727584503	0.978329481828153	0.855047093699902	0.841015113843723	0.0191901830576993	0.0175528610865487	0.835856910642203	phi_10
39	0.554642301625456	0.811316765432328	0.960831330548024	0.846813029092889	0.844010519261331	0.0177481318302805	0.00579791524916573	0.829064897262609	phi_10
40	0.546322667101074	0.805844271486403	0.943678621185944	0.838567534364711	0.846502221809446	0.016361631439154	-0.00544298489661954	0.822205902925557	phi_10
