ECON 5345 HW9 Part (b)
======================

Policy coefficients [p, q, r, s]:
[1] 0.96465140 0.07936469 0.47384729 0.59110312

Residual check:
[1] -3.46689e-07  6.03759e-08  4.76845e-07  3.26900e-07

State transition matrix B in s_{t+1} = B s_t + u_{t+1}:
          k_lag          z
k_lag 0.9646514 0.07936469
z     0.0000000 0.90000000

Measurement matrix H in x_t = H s_t:
       k_lag         z
c  0.4738473 0.5911031
i -0.4139440 3.1745877
y  0.2630764 1.2044484
l -0.1053855 0.3066727

Measurement error covariance Xi:
     c    i    y    l
c 0.25 0.00 0.00 0.00
i 0.00 0.25 0.00 0.00
y 0.00 0.00 0.25 0.00
l 0.00 0.00 0.00 0.25

Steady-state objects:
      R_ss         ky         iy         cy       Y_ss       K_ss       I_ss 
0.03510101 9.49640288 0.23741007 0.76258993 1.00000000 9.49640288 0.23741007 
      C_ss       L_ss 
0.76258993 0.93499403 

First 10 simulated observations:
  t    c_star    i_star    y_star    l_star         c         i         y
  1 -3.356028 -2.868510 -2.857303 -0.722429 -2.900044 -3.170398 -2.964227
  2 -3.010627 -5.210421 -3.923912 -0.520050 -3.269165 -5.228408 -3.734307
  3 -3.278392 -2.557694 -2.580535 -0.552655 -2.714307 -2.169960 -2.585072
  4 -2.955623 -3.573425 -3.357290 -0.117604 -2.796733 -2.762313 -2.788560
  5 -1.631026  2.734463 -1.111026  0.953926 -1.784060  2.574246 -0.749352
  6 -0.844421  4.297319  0.220037  0.231062 -1.470289  3.765077 -0.227359
  7 -1.054519  4.357927 -0.675666  0.478798 -1.293206  4.146082 -0.001863
  8 -0.584975  8.290129  1.516025  0.501557 -0.480945  7.924456  1.514583
  9  0.461125 10.276550  2.612035  1.892929  0.104179 10.218073  2.505321
 10  0.390093 10.163307  2.443829  1.667124  0.139189  9.408807  2.339891
         l     k_lag         z         w       e_c       e_i       e_y
 -0.032092 -4.192456 -1.545347 -0.799479 -0.455984  0.301888  0.106924
 -0.232571 -4.166905 -2.190292  0.740926  0.258538  0.017987 -0.189605
  0.064617 -4.193442 -1.230336 -0.303030 -0.564085 -0.387734  0.004537
  0.004086 -4.142855 -1.410332  1.544491 -0.158890 -0.811112 -0.568730
  0.517354 -4.108342  0.275192  0.424417  0.153033  0.160217 -0.361674
  0.621465 -3.941277  0.672090  0.212348  0.625868  0.532242  0.447396
  0.645672 -3.748618  0.817229  1.297652  0.238688  0.211846 -0.673803
  0.997764 -3.551251  2.033158  0.963218 -0.104030  0.365673  0.001442
  1.200571 -3.264358  2.793059  0.068336  0.356946  0.058476  0.106715
  1.100351 -2.927297  2.582090 -0.516100  0.250903  0.754500  0.103938
       e_l
 -0.690337
 -0.287478
 -0.617272
 -0.121690
  0.436573
 -0.390402
 -0.166873
 -0.496207
  0.692358
  0.566774
